256
335712256
3072
4101
4391936
24576
16384
16957450
769
262
8421894
6145
1030
67143686
536903810
12294
0
1025
3074
537067655
537067783
0
0
387
0
519
0
6147
1031
6151
17411
3083
772
0
33660935
0
12292
268567048
1032
389
0
399
1285
16394
16781317
6154
0
0
0
0
2056
67437583
2056
4227334
134483974
8200
780
24587
16392
536977415
67207305
2055
8519819
392
1157
2057
268570633
0
0
2056
26397955555466
0
1031
16843273
16843789
1289
266
268567050
268829197
268828941
24588
0
268567562
8196
8202
34046210
4096
67240968
779
0
139
0
4107
5131
140
537067658
16395
1036
6156
524
527
2060
141
537083913
25608204
537075721
527
16844813
16846861
8205
16398
16842894
16843022
16843278
3086
12302
16398
143
8205
16859149
537100559
1033
977877238281
1158
2056
4104
268
2057
519
8204
8203
16390
4096
128
0
129
1025
8193
258
2053
8197
257
2049
130
2063
2063
2063
2063
2063
2063
146
274
530
1042
2066
4114
0
0
0
0
0
0
0
0
0
0
0
0
0
0
0
0
0
0
0
0
0
0
0
0
0
0
0
0
0
0
0
0
0
0
0
0
0
0
0
0
0
0
0
0
0
0
0
0
0
0
0
0
0
0
0
0
0
0
0
0
0
0
0
0
0
0
0
0
0
0
0
0
0
0
0
0
0
0
0
0
0
0
0
0
0
0
0
0
0
0
0
0
0
0
0
0
0
0
0
0
0
0
0
0
0
0
0
0
0
0
0
0
0
0
0
0
0
0
0
0
0
0
0
0
0
0
0
0
0
0
0
0
0
0
0
0
0
0
0
0
0
0
0
0
0
0
0
0
0
0
0
0
0
0
0
0
0
0
0
0
0
0
0
0
0
0
0
0
0
0
0
0
0
0
0
0
0
0
0
0
0
0
0
0
0
0
0
0
0
0
0
0
0
0
0
0
0
0
0
0
0
0
0
0
0
0
0
0
0
0
0
0
0
0
0
0
0
0
0
0
0
0
0
0
0
0
0
0
0
0
0
0
0
0
0
0
0
0
0
0
0
0
0
0
0
0
0
0
0
0
0
0
0
0
0
0
0
0
0
0
0
0
0
0
0
0
0
0
0
0
0
0
0
0
0
0
0
0
0
0
0
0
0
0
0
0
0
0
0
0
0
0
0
0
0
0
0
0
0
0
0
0
0
0
0
0
0
0
0
0
0
0
0
0
0
0
0
0
0
0
0
0
0
0
0
0
0
0
0
0
0
0
0
0
0
0
0
0
0
0
0
0
0
0