0 1
1 44 5 46
2 3 4
3 45
4 48 3
5 6 7
6 7
7 42 87
8 9 10
9 49
10 9 50
11 12 13
12 51
13 12 52
14 15 16
15 53 54
16
17 11
18 19 20
19 55 56
20 55 57
21
22
23 24 25
24
25 58
26
27 28 29
28 59
29 60 61
30 27 31
31 91 92
32 33 34
33
34 27 62
35
36 37 38
37 38 66
38 67
39 40 41
40
41 120 121
42 43 41
43 87
44 2 45
45 84 85
46
47
48
49
50 68
51 84 123
52 68
53 8 49
54 69 53
55 70
56 97 98
57 94 95
58 71
59 31 62
60 28 72
61 60
62 33 88
63 64 65
64 40 43
65 76
66 38 77
67
68
69 68
70 78 57 56 79 80
71
72 59
73 18 74
74 18 107
75 73 75
76 81
77 38 82
78 102 106
79 102 105
80 102 103
81
82 38 83
83 38
84 86
85 123 17
86 5
87 36 67
88 89 90
89
90 88
91
92 93
93 91 93
94 96
95 55 80
96 95
97 99
98 100 101
99 98
100 122
101 100
102 104
103 55 79
104 105 106 103
105 55 78
106 122
107 18 108
108 18 109
109 110
110 119
111 18 112
112 18 113
113 18 114
114 115 116
115 117 118
116 119
117 120
118 110
119 18 111
120 63 121
121 75
122 112 113 114 111 107 108 109 74
123 48 51
124 68
125 69
126 97
127 76
128 58
129 102
130 94
131 55
132 5
133 0
134
135 8
136 11
137 14
138 17
139 44
140 46
141 9
142 12
143 16
144 124
145 124
146 124
147 124
148 124
149 124
150 144
151 145
152 146
153 147
154 148
155 149
156
