256
17598762713351
3072
135
33784832
24576
16384
134416435
769
2055
8425479
6145
8199
67158023
536903810
392
0
1025
0
0
12290
0
520
0
771
1032
6152
2179
436
24579
0
4300808
0
1540
537133193
137
4100
8519840
537002117
265
1545
1541
6153
24585
12293
138
778
390
3082
12298
3078
0
538509491
10246
2099
16777351
819
0
0
0
0
140
10063924
140
4229127
8781960
524
268699651
8487948
2056
268537907
2060
2060
8568845
3085
12301
16397
4655113
782
8201
537042958
134382606
6158
8206
537330698
33882255
783
395
3087
134709387
3083
9231
537362576
9222
24587
5136
0
140
0
1032
134611085
24588
24592
401
781
529
529
265
3089
12305
537428114
67272842
16397
786
270
34148357
67702789
4114
562
8206
33890322
537460883
8206
787
34178063
1039
2067
34050067
34046483
6148
784
6160
24595
34078868
12308
537526421
277
277
134611477
3093
265
12309
537559190
790
265
3094
12310
537591959
134385682
4101
279
4817431
3095
12311
9019415
1039
34062359
2067
4997139
1300
16403
532
2100
2068
280
1560
6168
8216
8216
268845080
4108
409
1561
268994585
12313
537018393
410
265
17631249
3098
135070742
24602
411
138
537595909
8206
8206
2583
1563
6171
134975515
144
269336595
0
537755804
796
1052
1052
268961820
8204
12316
537788573
265
9339161
541
265
541
34521092
537004061
4125
24605
414
1566
34277406
12318
537862170
5210270
158
9405450
1567
6175
67997727
269467667
537886876
160
288
288
134873632
8208
34619396
2080
2080
5029892
1056
4121
4128
4125
4128
24608
417
1569
16420
6177
24609
8229
418
17895454
34676762
5179426
8206
537985187
803
3107
68125731
135381011
160
12338
17571875
4116
537018403
265
265
420
1572
537
68304928
12322
8232
5181476
158
269615262
16420
421
1573
6181
158
8229
269565989
422
5341734
34800650
8206
279
6182
34709542
538132499
536
2080
5488644
295
295
269500420
167
158
16420
158
551
3111
12327
538149032
135201064
552
551
34873378
6184
8232
8206
33898536
425
68354601
1059
34914323
537004073
265
158
12329
538214570
5177642
18157607
3114
551
552
16420
269553706
135536682
16397
4136
538247339
811
5538859
2086
68534291
295
12331
5410857
538280108
300
18219166
135496748
6188
551
8232
269881384
16428
16428
268566793
9797805
169
16403
813
5410859
5636261
3117
4141
5185581
4141
538345646
814
35065896
33884206
299
5185582
538378415
5177647
1583
16433
2097
5179439
135774253
24623
176
135528752
135726090
33882672
1072
5179440
4144
8240
538443953
305
135757982
158
18383006
35168303
2097
4136
8206
158
4145
1072
158
5185585
4145
16433
5836847
158
158
158
10027166
8240
158
158
3122
537199115
4146
16434
35193355
134578355
528
1075
135921922
4096
17433652
24627
0
4147
0
564
692
8203
0
9223
140
268
2068
520
4096
128
0
129
1025
8193
258
16390
263
257
2049
130
8244
8244
8246
16438
0
0
0
0
0
0
0
0
0
0
0
0
0
0
0
0
0
0
0
0
0
0
0
0
0
0
0
0
0
0
0
0
0
0
0
0
0
0
0
0
0
0
0
0
0
0
0
0
0
0
0
0
0
0
0
0
0
0