4198576
5242880
4198400
4198422
4198420
4198528
4204258
4198541
4198624
4198664
4198643
4198672
4198728
4198708
4198736
4198749
4198792
4198800
4198809
4198847
4198861
4198903
4198871
4198932
4198956
4198965
4198970
4199037
4199053
4199075
4199087
4199090
4199123
4199128
4199597
4199145
4199616
4204214
4199766
4200417
4199783
4200418
4200431
4200472
4202129
4202255
4202142
4202256
4202269
4202303
4204233
4204242
4204178
4204243
4204257
4204544
4204593
4204656
4204664
6295640
4198780
4198655
4204621
4198720
4198775
4198763
4198512
4199033
4199010
4198996
4199098
4199610
4199159
4203262
4200024
4199797
4202128
4200444
4200488
4200481
4203560
4202158
4202152
4202690
4202282
4202313
4202404
4202776
4202820
4202785
4202736
4202864
4202740
4204229
4204311
4204313
6295632
4198480
5242896
4199026
4199173
4199253
4199333
4199265
4199185
4199197
4199204
4200043
4200007
4200216
4199805
4203411
4200457
4200511
4200497
4202167
4202216
4202156
4203709
4202295
4202331
4202412
4202675
4202906
4202829
4202794
4202873
4202748
4202882
4204209
4204207
4204332
4204341
4204318
4199413
4199345
4199277
4199284
4199225
4200079
4200016
4200226
4200291
4199813
4200376
4200586
4200535
4202176
4202232
4202241
4202339
4202421
4202430
4202922
4202915
4202838
4202768
4202761
4204371
4204500
4204497
4204521
4198559
4204516
4198496
4199486
4199425
4199357
4199364
4199305
4199235
4200111
4200083
4200260
4200235
4200306
4200330
4199831
4199867
4200660
4200595
4200833
4200543
4202194
4202185
4202369
4202448
4202439
4202470
4202938
4202931
4202774
4204380
5242888
4199559
4199498
4199437
4199444
4199385
4199315
4200148
4200115
4200096
4200404
4200269
4200283
4200258
4200310
4200350
4200334
4199880
4200711
4200670
4200604
4200898
4200842
4200551
4201884
4202489
4202480
4202961
4202947
4204389
4199568
4199582
4199510
4199517
4199465
4199395
4200179
4200157
4200124
4200140
4200412
4200276
4200314
4200354
4200361
4199902
4199884
4201898
4200724
4200750
4200674
4200613
4201004
4200907
4200851
4200564
4202509
4202531
4202484
4203017
4202970
4204398
4199615
4204219
4199538
4199475
4200187
4200171
4200368
4199939
4199906
4199897
4200391
4201911
4202072
4200785
4200759
4200682
4200824
4201237
4201018
4200916
4200865
4200577
4201922
4201981
4202549
4202573
4202488
4202362
4203074
4203059
4204407
4199548
4200200
4199970
4199948
4199915
4199931
4200399
4200798
4200695
4200738
4201246
4201265
4201741
4201026
4200955
4200925
4200641
4201934
4201990
4202063
4202558
4202582
4203103
4203088
4203068
4204416
4199978
4199962
4200648
4201288
4201275
4201812
4201750
4201034
4201872
4200964
4200992
4201952
4201994
4202103
4202096
4202594
4203132
4203117
4203097
4204425
4199991
4201306
4201297
4201500
4201283
4201821
4201759
4201065
4201046
4201966
4202006
4202606
4202613
4203161
4203146
4203126
4204481
4201324
4201315
4201509
4201522
4201732
4201830
4201768
4201084
4201075
4202022
4202634
4203155
4201343
4201334
4201541
4201532
4201782
4201842
4201102
4201093
4201161
4201079
4202036
4202644
4202646
4201363
4201400
4201338
4201561
4201594
4201536
4201115
4201128
4201198
4201170
4201225
4202046
4202668
4201488
4201413
4201474
4201796
4201671
4201603
4201723
4201211
4201179
4201863
4201659
4201684
4201789
4201220
4201697
4204104
4202713
4204177
4204224
4202691
4204192
4204197
4204630
4204599
6295648
4198546
4199105
4199122
4199110
4199071
4199061
4199069
4204263
6295656
4204608
4198432
4198479
4198491
4198507
4198523
4198572
4198622
4198623
4198665
4198729
4198793
4204529
4204645
4198657
4198722
4198789
4198448
4198464
4198445
4198463
0
0
0
0
0
0
0
0
0
0
0
0
0
0
0
0
0
0
0
0
0
0
0
0
0
0
0
0
0
0
0
0
0
0
0
0
0
0
0
0
0
0
0
0
0
0
0
0
0
0
0
0
0
0
0
0
0
0
0