0 1
1 55 5 57
2 3 4
3 56
4 59 3
5 6 7
6 7
7 53 412
8 9 10
9 60
10 9 61
11 12 13
12 62
13 12 63
14 15 16
15 64 65
16
17 11
18
19
20 21 22
21
22 66
23
24 25 26
25 67
26 68 69
27 24 28
28 416 417
29 30 31
30
31 24 70
32
33 34 35
34 71 72
35 72
36 37
37 33 256
38 39 40
39 73
40 74 75
41 42 43
42 76 77
43 78 79
44 45 46
45 80
46 81 82
47 48 49
48 83 84
49 85 86
50 51 52
51
52 407 408
53 54 52
54 412
55 2 56
56 409 410
57
58
59
60
61 96
62 409 421
63 96
64 8 60
65 97 64
66 98
67 70 28
68 25 99
69 68
70 30 413
71 100
72 100
73 41 111
74 107 108
75 109 110
76 111
77 112 76
78 113 114
79 78
80 47 118
81 45 115
82 116 117
83 118
84 119 83
85 83 120
86 121 122
87 88 89
88 123 124
89 125 88
90 91 92
91 126 123
92 127 128
93 54 51
94 94 95
95 133 131
96
97 96
98
99 67
100 101 104
101 102 103
102 134 135
103 136 137
104 105 106
105 138
106 138
107 73
108 139 140
109 141 142
110 143 144
111 44 80
112 111
113 145 146
114 113
115 147 45
116 148 45
117 149
118 402
119 118
120 83 150
121 151 152
122 118
123 153 154
124 155 123
125 123
126 156
127 123 157
128 123 154
129 36 37
130 129 130
131 132 133
132 158 159
133 131 160
134 165 166
135 167 168
136 169
137 169
138 101 170
139 171 172
140 73
141 173 174
142 175 176
143 177 178
144 73
145 179 180
146 181 182
147 183 184
148 45 149
149 45
150 185
151 152 186
152 187 188
153 189 190
154 153 190
155 123
156 123 191
157 156
158 192 159
159 161 163
160 159
161 162
162 420
163 164
164 193
165 194 195
166 196 197
167 198
168 198
169 102 199
170 101
171 200 201
172 202 203
173 142 204
174 205 206
175 39 207
176 208 209
177 73
178 210 140
179 211 212
180 213 179
181 214 215
182 216 217
183 80
184 183 45
185 118
186 118
187 188 186
188 218 219
189 220 221
190 189 221
191 128
192 222 159
193
194 223 224
195 225 226
196 227
197 227
198 134 228
199 102
200 229 230
201 231 232
202 73
203 233 201
204 234
205 73
206 234
207 235 39
208 39 236
209 237
210 238 239
211 240 241
212 242 243
213 179 244
214 245 246
215 247 214
216 248 240
217 240
218 249 83
219 250 251
220 252 253
221 220 253
222 254 159
223 255 224
224 256
225 257
226 257
227 165 258
228 134
229 259 39
230 260
231 260
232 200 39
233 259
234 205
235 261
236 237
237 261
238 262 263
239 264 265
240 266 267
241 295
242 268 269
243 270 271
244 302
245 272 273
246 274 245
247 275 214
248 240 276
249 118
250 279 280
251 281 282
252 283 284
253 252 283
254 285 159
255 256
256 405 406
257 194 286
258 165
259 39 287
260 73
261 73
262 288 289
263 290 291
264 202
265 292 263
266 277 278
267 326
268 240 293
269 240
270 294 240
271 295
272 296 297
273 298 299
274 300 301
275 240
276 302
277 278 303
278 304 305
279 280 306
280 307 83
281 118
282 185
283 308 309
284 283 310
285 311 159
286 194
287 260
288 312 39
289 313
290 313
291 262 39
292 312
293 240
294 295
295 240
296 314
297 315 316
298 317 318
299 319 320
300 245 321
301 322
302 314
303 323 278
304 324 325
305 326
306 118
307 83 327
308 328 329
309 308 330
310 283
311 331 159
312 39 332
313 73
314 240
315 333 334
316 335 336
317 240 337
318 338 317
319 339 340
320 314
321 322
322 295
323 278 341
324 325 342
325 111
326 325
327 343 344
328 345 346
329 328 347
330 308
331 348 159
332 313
333 349 350
334 296 333
335 351 352
336 353
337 354 240
338 317 355
339 356 357
340 314
341 326
342 358 325
343 359
344 359
345 38 73
346 345 360
347 328
348 159
349 361 362
350 296 349
351 352 296
352 363 364
353 365
354 240 366
355 365
356 367 368
357 369 370
358 371 325
359 83 372
360 345
361 240 374
362 375 376
363 240 377
364 378 379
365 399
366 396
367 240 380
368 381 367
369 382 383
370 384
371 325 385
372 373 83
373 83 386
374 387
375 240 388
376 389
377 390
378 391 392
379 393
380 381 240
381 240
382 394 240
383 395 382
384 396
385 325
386 118
387 240
388 397
389 387
390 240
391 240 398
392 397
393 399
394 400 381
395 240
396 240
397 240
398 401 240
399 390
400 240
401 240
402 403 404
403 87 90
404 405
405 407
406 403 90
407 93 408
408 130
409 411
410 421 17
411 5
412 162 419
413 414 415
414
415 413
416
417 418
418 416 418
419 94
420
421 59 62
422 96
423 97
424 164
425 66
426 5
427 0
428
429 8
430 11
431 14
432 17
433 55
434 57
435 9
436 12
437 16
438 422
439 422
440 438
441 439
