256
17599836455176
3072
136
33817600
24576
16384
268601361
769
2056
8425480
6145
8200
67158024
536903810
393
0
1025
3074
521
3084
24578
3081
521
771
12297
17236495
2179
8209
134291459
33660945
388
537165962
521
3076
778
521
24580
536970250
521
773
16910346
521
6149
0
537432074
20485
2065
0
0
3078
0
1035
0
537067655
2059
12299
268632583
785
6151
0
268648459
0
16777352
3088
0
0
0
0
140
34079250
140
4229128
8781961
524
4108
134611458
24588
268730509
1034
6158
2058
24590
528
272
134291466
134349328
18437
267
274
651
269
17022987
537068045
4107
67346448
0
140
0
2060
33947790
16859149
2051
1039
259
0
2059
6157
143
399
16397
268771331
537363469
526
134513167
1294
4110
67571727
16398
268902415
16399
4685968
1038
3087
2051
141738459145
33686282
9229
16527
16401
134320145
4112
17367298
4096
537395345
0
8208
0
1041
1297
8749202
4358416
4113
20490
523
0
9224
140
268
1035
521
4096
128
0
129
1025
8193
258
16391
264
257
2049
130
1042
1042
1044
2068
0
0
0
0
0
0
0
0
0
0
0
0
0
0
0
0
0
0
0
0
0
0
0
0
0
0
0
0
0
0
0
0
0
0
0
0
0
0
0
0
0
0
0
0
0
0
0
0
0
0
0
0
0
0
0
0
0
0
0
0
0
0
0
0
0
0
0
0
0
0
0
0
0
0
0
0
0
0
0
0
0
0
0
0
0
0
0
0
0
0
0
0
0
0
0
0
0
0
0
0
0
0
0
0
0
0
0
0
0
0
0
0
0
0
0
0
0
0
0
0
0
0
0
0
0
0
0
0
0
0
0
0
0
0
0
0
0
0
0
0
0
0
0
0
0
0
0
0
0
0
0
0
0
0
0
0
0
0
0
0
0
0
0
0
0
0
0
0
0
0
0
0
0
0
0
0
0
0
0
0
0
0
0
0
0
0
0
0
0
0
0
0
0
0
0
0
0
0
0
0
0
0
0
0
0
0
0
0
0
0
0
0
0
0
0
0
0
0
0
0
0
0
0
0
0
0
0
0
0
0
0
0
0
0
0
0
0
0
0
0
0
0
0
0
0
0
0
0
0
0
0
0
0
0
0
0
0
0
0
0
0
0
0
0
0
0
0
0
0
0
0
0
0
0
0
0
0
0
0
0
0
0
0
0
0
0
0
0
0
0
0
0
0
0
0
0
0
0
0
0
0
0
0
0
0
0
0
0
0
0
0
0
0
0
0
0
0
0
0
0
0
0
0
0
0
0
0
0
0
0
0
0
0