1 153
63 133
2 64
3 500
64 500
132 500
17 70
11 500
12 500
70 500
131 500
133 500
5 145
6 7
7 500
46 140
45 47
85 500
21 86
22 500
76 500
18 111
20 500
99 500
100 500
112 500
107 500
108 500
120 500
127 500
107 500
109 500
120 500
127 500
107 500
109 500
121 500
128 500
127 500
107 500
109 500
120 500
127 500
107 500
109 500
120 500
127 500
107 500
109 500
120 500
127 500
107 500
108 500
120 500
127 500
107 500
109 500
120 500
127 500
110 500
111 500
86 500
37 130
38 500
31 83
32 500
80 500
116 500
117 500
116 500
117 500
116 500
117 500
116 500
117 500
116 500
117 500
116 500
117 500
116 500
117 500
116 500
117 500
116 500
117 500
116 500
117 500
116 500
117 500
116 500
117 500
116 500
117 500
125 500
79 500
83 500
130 500
29 141
21 30
22 500
76 500
18 111
20 500
99 500
100 500
112 500
107 500
108 500
120 500
127 500
107 500
109 500
120 500
127 500
107 500
109 500
121 500
128 500
127 500
107 500
109 500
120 500
127 500
107 500
109 500
120 500
127 500
107 500
109 500
120 500
127 500
107 500
108 500
120 500
127 500
107 500
109 500
120 500
127 500
110 500
111 500
30 500
27 142
24 28
26 500
122 500
115 500
115 500
115 500
113 500
114 500
77 500
103 500
123 500
124 500
28 500
142 500
141 500
40 129
41 500
34 84
35 500
82 500
118 500
119 500
118 500
119 500
118 500
119 500
118 500
119 500
118 500
119 500
118 500
119 500
118 500
119 500
118 500
119 500
118 500
119 500
118 500
119 500
118 500
119 500
118 500
119 500
118 500
119 500
126 500
81 500
84 500
129 500
143 500
87 500
47 500
140 500
144 89
90 500
88 500
89 500
145 500
500 500
500 500
500 500
500 500
500 500
500 500
500 500
500 500
500 500
500 500
500 500
500 500
500 500
500 500
500 500
500 500
500 500
500 500
500 500
500 500
500 500
500 500
500 500
500 500
500 500
500 500
500 500
500 500
500 500
500 500
500 500
500 500
500 500
500 500
500 500
500 500
500 500
500 500
500 500
500 500
500 500
500 500
500 500
500 500
500 500
500 500
500 500
500 500
500 500
500 500
500 500
500 500
500 500
500 500
500 500
500 500
500 500
500 500
500 500
500 500
500 500
500 500
500 500
500 500
500 500
500 500
500 500
500 500
500 500
500 500
500 500
500 500
500 500
500 500
500 500
500 500
500 500
500 500
500 500
500 500
500 500
500 500
500 500
500 500
500 500
500 500
500 500
500 500
500 500
500 500
500 500
500 500
500 500
500 500
500 500
500 500
500 500
500 500
500 500
500 500
500 500
500 500
500 500
500 500
500 500
500 500
500 500
500 500
500 500
500 500
500 500
500 500
500 500
500 500
500 500
500 500
500 500
500 500
500 500
500 500
500 500
500 500
500 500
500 500
500 500
500 500
500 500
500 500
500 500
500 500
500 500
500 500
500 500
500 500
500 500
500 500
500 500
500 500
500 500
500 500
500 500
500 500
500 500
500 500
500 500
500 500
500 500
500 500
500 500
500 500
500 500
500 500
500 500
500 500
500 500
500 500
500 500
500 500
500 500
500 500
500 500
500 500
500 500
500 500
500 500
500 500
500 500
500 500
500 500
500 500
500 500
500 500
500 500
500 500
500 500
500 500
500 500
500 500
500 500
500 500
500 500
500 500
500 500
500 500
500 500
500 500
500 500
500 500
500 500
500 500
500 500
500 500
500 500
500 500
500 500
500 500
500 500
500 500
500 500
500 500
500 500
500 500
500 500
500 500
500 500
500 500
500 500
500 500
500 500
500 500
500 500
500 500
500 500
500 500
500 500
500 500
500 500
500 500
500 500
500 500
500 500
500 500
500 500
500 500
500 500
500 500
500 500
500 500
500 500
500 500
500 500
500 500
500 500
500 500
500 500
500 500
500 500
500 500
500 500
500 500
500 500
500 500
500 500
500 500
500 500
500 500
500 500
500 500
500 500
500 500
500 500
500 500
500 500
500 500
500 500
500 500
500 500
500 500
500 500
500 500
500 500
500 500
500 500
500 500
500 500
500 500
500 500
500 500
500 500
500 500
500 500
500 500
500 500
500 500
500 500
500 500
500 500
500 500
500 500
500 500
500 500
500 500
500 500
500 500
500 500
500 500
500 500
500 500
500 500
500 500
500 500
500 500
500 500
500 500
500 500
500 500
500 500
500 500