1 5242880 4198622
1 4201920 6295648
1 4198400 4201969
0 4198422 0
2 4201969 0
0 4201975 0
1 4198800 4201997
0 4198672 0
0 4198728 0
2 4201997 0
0 4202006 0
2 6295648 0
1 4198528 6295656
1 4201565 4198541
2 4198541 0
1 4201582 4198546
1 4201357 4201597
0 4201376 0
1 4199109 4201398
0 4199137 0
0 4199172 0
1 4198809 4199193
0 4198831 0
0 4198852 0
0 4198847 0
0 4198907 0
0 4198938 0
0 4198952 0
0 4199087 0
0 4198929 0
0 4198938 0
0 4199021 0
0 4199087 0
0 4198929 0
0 4198938 0
0 4199021 0
0 4199026 0
0 4199031 0
0 4198929 0
0 4198938 0
0 4199021 0
0 4199087 0
0 4198929 0
0 4198938 0
0 4199021 0
0 4199087 0
0 4198929 0
0 4198938 0
0 4199021 0
0 4199087 0
0 4198929 0
0 4198938 0
0 4198952 0
0 4199087 0
0 4198929 0
0 4198938 0
0 4199021 0
0 4199087 0
0 4198929 0
0 4199104 0
2 4199193 0
2 4201398 0
1 4201249 4201429
0 4201271 0
1 4199461 4201301
0 4199845 0
0 4199856 0
0 4200133 0
0 4199896 0
0 4200133 0
0 4199896 0
0 4200133 0
0 4199896 0
0 4200133 0
0 4199896 0
0 4200133 0
0 4199896 0
0 4200133 0
0 4199896 0
0 4200133 0
0 4199896 0
0 4200133 0
0 4199896 0
0 4200133 0
0 4199896 0
0 4200133 0
0 4199896 0
0 4200133 0
0 4199896 0
0 4200133 0
0 4199896 0
0 4200133 0
0 4199896 0
0 4199511 0
0 4200329 0
2 4201301 0
2 4201429 0
1 4199425 4201449
1 4199109 4199443
0 4199137 0
0 4199172 0
1 4198809 4199193
0 4198831 0
0 4198852 0
0 4198847 0
0 4198907 0
0 4198938 0
0 4198952 0
0 4199087 0
0 4198929 0
0 4198938 0
0 4199021 0
0 4199087 0
0 4198929 0
0 4198938 0
0 4199021 0
0 4199026 0
0 4199031 0
0 4198929 0
0 4198938 0
0 4199021 0
0 4199087 0
0 4198929 0
0 4198938 0
0 4199021 0
0 4199087 0
0 4198929 0
0 4198938 0
0 4199021 0
0 4199087 0
0 4198929 0
0 4198938 0
0 4198952 0
0 4199087 0
0 4198929 0
0 4198938 0
0 4199021 0
0 4199087 0
0 4198929 0
0 4199104 0
2 4199193 0
2 4199443 0
1 4199390 4199456
1 4199195 4199417
0 4199209 0
0 4199219 0
0 4199221 0
0 4199221 0
0 4199221 0
0 4199256 0
0 4199211 0
0 4199300 0
0 4199320 0
0 4199321 0
0 4199388 0
2 4199417 0
2 4199456 0
2 4201449 0
1 4201303 4201480
0 4201325 0
1 4200344 4201355
0 4200738 0
0 4200749 0
0 4201035 0
0 4200793 0
0 4201035 0
0 4200793 0
0 4201035 0
0 4200793 0
0 4201035 0
0 4200793 0
0 4201035 0
0 4200793 0
0 4201035 0
0 4200793 0
0 4201035 0
0 4200793 0
0 4201035 0
0 4200793 0
0 4201035 0
0 4200793 0
0 4201035 0
0 4200793 0
0 4201035 0
0 4200793 0
0 4201035 0
0 4200793 0
0 4201035 0
0 4200793 0
0 4200397 0
0 4201231 0
2 4201355 0
2 4201480 0
0 4201372 0
0 4201482 0
2 4201597 0
2 4198546 0
1 4201489 4198559
0 4201530 0
0 4201564 0
2 4198559 0
2 6295656 0
3 0 0
3 0 0
3 0 0
3 0 0
3 0 0
3 0 0
3 0 0
3 0 0
3 0 0
3 0 0
3 0 0
3 0 0
3 0 0
3 0 0
3 0 0
3 0 0
3 0 0
3 0 0
3 0 0
3 0 0
3 0 0
3 0 0
3 0 0
3 0 0
3 0 0
3 0 0
3 0 0
3 0 0
3 0 0
3 0 0
3 0 0
3 0 0
3 0 0
3 0 0
3 0 0
3 0 0
3 0 0
3 0 0
3 0 0
3 0 0
3 0 0
3 0 0
3 0 0
3 0 0
3 0 0
3 0 0
3 0 0
3 0 0
3 0 0
3 0 0
3 0 0
3 0 0
3 0 0
3 0 0
3 0 0
3 0 0
3 0 0
3 0 0
3 0 0
3 0 0
3 0 0
3 0 0
3 0 0
3 0 0
3 0 0
3 0 0
3 0 0
3 0 0
3 0 0
3 0 0
3 0 0
3 0 0
3 0 0
3 0 0
3 0 0
3 0 0
3 0 0
3 0 0
3 0 0
3 0 0
3 0 0
3 0 0
3 0 0
3 0 0
3 0 0
3 0 0
3 0 0
3 0 0
3 0 0
3 0 0
3 0 0
3 0 0
3 0 0
3 0 0
3 0 0
3 0 0
3 0 0
3 0 0
3 0 0
3 0 0
3 0 0
3 0 0
3 0 0
3 0 0
3 0 0
3 0 0
3 0 0
3 0 0
3 0 0
3 0 0
3 0 0
3 0 0
3 0 0
3 0 0
3 0 0
3 0 0
3 0 0
3 0 0
3 0 0
3 0 0
3 0 0
3 0 0
3 0 0
3 0 0
3 0 0
3 0 0
3 0 0
3 0 0
3 0 0
3 0 0
3 0 0
3 0 0
3 0 0
3 0 0
3 0 0
3 0 0
3 0 0
3 0 0
3 0 0
3 0 0
3 0 0
3 0 0
3 0 0
3 0 0
3 0 0
3 0 0
3 0 0
3 0 0
3 0 0
3 0 0
3 0 0
3 0 0
3 0 0
3 0 0
3 0 0
3 0 0
3 0 0
3 0 0
3 0 0
3 0 0
3 0 0
3 0 0
3 0 0
3 0 0
3 0 0
3 0 0
3 0 0
3 0 0
3 0 0
3 0 0
3 0 0
3 0 0
3 0 0
3 0 0
3 0 0
3 0 0
3 0 0
3 0 0
3 0 0
3 0 0
3 0 0
3 0 0
3 0 0
3 0 0
3 0 0
3 0 0
3 0 0
3 0 0
3 0 0
3 0 0
3 0 0
3 0 0
3 0 0
3 0 0
3 0 0
3 0 0
3 0 0
3 0 0
3 0 0
3 0 0
3 0 0
3 0 0
3 0 0
3 0 0
3 0 0
3 0 0
3 0 0
3 0 0
3 0 0
3 0 0
3 0 0
3 0 0
3 0 0
3 0 0
3 0 0
3 0 0
3 0 0
3 0 0
3 0 0
3 0 0
3 0 0
3 0 0
3 0 0
3 0 0
3 0 0
3 0 0
3 0 0
3 0 0
3 0 0
3 0 0
3 0 0
3 0 0
3 0 0
3 0 0
3 0 0
3 0 0
3 0 0
3 0 0
3 0 0
3 0 0
3 0 0
3 0 0
3 0 0
3 0 0
3 0 0
3 0 0
3 0 0
3 0 0
3 0 0
3 0 0
3 0 0
3 0 0
3 0 0
3 0 0
3 0 0
3 0 0
3 0 0
3 0 0
3 0 0
3 0 0
3 0 0
3 0 0
3 0 0
3 0 0
3 0 0
3 0 0
3 0 0
3 0 0
3 0 0
3 0 0
3 0 0
3 0 0
3 0 0
3 0 0
3 0 0
3 0 0
3 0 0
3 0 0
3 0 0
3 0 0
3 0 0
3 0 0
3 0 0
3 0 0
3 0 0
3 0 0
3 0 0
3 0 0
3 0 0
3 0 0
3 0 0
3 0 0
3 0 0
3 0 0
3 0 0
3 0 0
3 0 0
3 0 0