4198576
5242880
4198400
4198422
4198420
4198528
4201565
4198541
4198624
4198664
4198643
4198672
4198728
4198708
4198736
4198749
4198792
4198800
4198809
4198821
4198831
4199109
4199137
4199127
4199195
4199287
4199209
4199390
4199417
4199425
4199443
4199461
4199845
4199501
4200344
4200738
4200387
4201249
4201271
4201261
4201303
4201325
4201315
4201570
4201580
4201357
4201582
4201597
4201599
4201637
4201651
4201693
4201661
4201722
4201746
4201755
4201760
4201827
4201843
4201865
4201877
4201880
4201913
4201920
4201969
4202032
4202040
6295640
4198780
4198655
4201997
4198720
4198775
4198763
4198512
4199146
4199172
4199300
4199261
4200329
4199856
4201231
4200749
4201301
4201355
4201376
4201398
4201482
4201564
4198559
4201530
4198496
4201823
4201800
4201786
4201888
6295632
4198480
5242896
4198852
4198847
4199182
4199319
4199320
4199284
5242888
4201816
4198938
4198952
4199021
4199104
4199193
4198907
4199256
4199211
4199221
4200133
4199896
4201035
4200793
4199087
4199026
4199219
4199321
4199388
4199511
4200397
4198929
4199031
4201480
4201429
4202006
4201975
6295648
4201895
4201912
4201900
4201861
4201851
4201859
4198546
4201449
4199456
4201372
4201489
6295656
4201984
4198432
4198479
4198491
4198507
4198523
4198572
4198622
4198623
4198665
4198729
4198793
4201918
4202021
4198657
4198722
4198789
4198448
4198464
4198445
4198463
0
0
0
0
0
0
0
0
0
0
0
0
0
0
0
0
0
0
0
0
0
0
0
0
0
0
0
0
0
0
0
0
0
0
0
0
0
0
0
0
0
0
0
0
0
0
0
0
0
0
0
0
0
0
0
0
0
0
0
0
0
0
0
0
0
0
0
0
0
0
0
0
0
0
0
0
0
0
0
0
0
0
0
0
0
0
0
0
0
0
0
0
0
0
0
0
0
0
0
0
0
0
0
0
0
0
0
0
0
0
0
0
0
0
0
0
0
0
0
0
0
0
0
0
0
0
0
0
0
0
0
0
0
0
0
0
0
0
0
0
0
0
0
0
0
0
0
0
0
0
0
0
0
0
0
0
0
0
0
0
0
0
0
0
0
0
0
0
0
0
0
0
0
0
0
0
0
0
0
0
0
0
0
0
0
0
0
0
0
0
0
0
0
0
0
0
0
0
0
0
0
0
0
0
0
0
0
0
0
0
0
0
0
0
0
0
0
0
0
0
0
0
0
0
0
0
0
0
0
0
0
0
0
0
0
0
0
0
0
0
0
0
0
0
0
0
0
0
0
0
0
0
0
0
0
0
0
0
0
0
0
0
0
0
0
0
0
0
0
0
0
0
0
0
0
0
0
0
0
0
0
0
0
0
0
0
0
0
0
0
0
0
0
0
0
0
0
0
0
0
0
0
0
0
0
0
0
0
0
0
0
0
0
0
0
0
0
0
0
0
0
0
0
0
0
0
0
0
0
0
0
0
0
0