0 1
1 63 5 65
2 3 4
3 64
4 67 3
5 6 7
6 7
7 46 140
8 9 10
9 68
10 9 69
11 12 13
12 70
13 12 71
14 15 16
15 72 73
16
17 11
18 19 20
19 74
20 100 99
21 22 23
22 75 76
23 74
24 25 26
25 77 78
26 114 122
27 24 28
28 142
29 21 30
30 27 142
31 32 33
32 79 80
33 74
34 35 36
35 81 82
36 74
37 38 39
38 31 83
39 74
40 41 42
41 34 84
42 74
43 44 45
44
45 143 85
46 47 45
47 140
48
49
50 51 52
51
52 91
53
54 55 56
55 92
56 93 94
57 54 58
58 137 138
59 60 61
60
61 54 95
62
63 2 64
64 131 132
65
66
67
68
69 96
70 131 146
71 96
72 8 68
73 97 72
74 98
75 101
76 101 18
77 102 103
78 78 104
79 83
80 117 116
81 84
82 119 118
83 130
84 129
85 21 86
86 37 130
87 44 47
88 89
89 145
90 88 90
91 105
92 58 95
93 55 106
94 93
95 60 134
96
97 96
98
99 100
100 99 112
101 18 111
102 28
103 123
104 25
105
106 92
107 108 109
108 120
109 121 120
110 111
111 86 30
112 127 107
113 114
114 77 122
115 113 115
116 117
117 116 125
118 119
119 118 126
120 127
121 120 128
122 115
123 123 124
124 28
125 32 80 79
126 35 82 81
127 107 110
128 120 127
129 143
130 29 141
131 133
132 146 17
133 5
134 135 136
135
136 134
137
138 139
139 137 139
140 89 144
141 40 129
142 141
143 85 87
144 90
145
146 67 70
147 96
148 97
149 91
150 74
151 5
152 0
153
154 8
155 11
156 14
157 17
158 63
159 65
160 9
161 12
162 16
163 147
164 147
165 163
166 164
