256
671256576
3072
8197
8586240
24576
16384
4359179
769
518
8422406
6145
2054
67145734
536903810
24582
0
1025
0
0
12290
0
135
0
771
263
1543
2179
12300
24579
0
4294663
0
0
0
2052
6155
24580
0
67534985
8568836
1035
3077
8201
33734665
16785413
395
0
0
0
0
138
4558861
138
4227590
8724486
522
67340291
8487946
519
268534284
24583
17203468
396
134447240
1544
2058
17203340
2312
8712
17047562
20488
777
537116683
134579204
6153
268566789
4106
141
8201
0
138
0
263
268772360
16394
269
0
523
134643970
4096
16949257
268796169
3076
268681227
136
268796425
2056
3084
0
524
0
16396
20492
0
2061
1293
16392
1161
2310
138
266
4106
135
520
4096
128
0
129
1025
8193
258
4101
16389
257
2049
130
8205
8205
8205
16399
144
272
0
0
0
0
0
0
0
0
0
0
0
0
0
0
0
0
0
0
0
0
0
0
0
0
0
0
0
0
0
0
0
0
0
0
0
0
0
0
0
0
0
0
0
0
0
0
0
0
0
0
0
0
0
0
0
0
0
0
0
0
0
0
0
0
0
0
0
0
0
0
0
0
0
0
0
0
0
0
0
0
0
0
0
0
0
0
0
0
0
0
0
0
0
0
0
0
0
0
0
0
0
0
0
0
0
0
0
0
0
0
0
0
0
0
0
0
0
0
0
0
0
0
0
0
0
0
0
0
0
0
0
0
0
0
0
0
0
0
0
0
0
0
0
0
0
0
0
0
0
0
0
0
0
0
0
0
0
0
0
0
0
0
0
0
0
0
0
0
0
0
0
0
0
0
0
0
0
0
0
0
0
0
0
0
0
0
0
0
0
0
0
0
0
0
0
0
0
0
0
0
0
0
0
0
0
0
0
0
0
0
0
0
0
0
0
0
0
0
0
0
0
0
0
0
0
0
0
0
0
0
0
0
0
0
0
0
0
0
0
0
0
0
0
0
0
0
0
0
0
0
0
0
0
0
0
0
0
0
0
0
0
0
0
0
0
0
0
0
0
0
0
0
0
0
0
0
0
0
0
0
0
0
0
0
0
0
0
0
0
0
0
0
0
0
0
0
0
0
0
0
0
0
0
0
0
0
0
0
0
0
0
0
0
0
0
0
0
0
0
0
0
0
0
0
0
0
0
0
0
0
0
0
0
0
0
0
0
0
0
0
0
0
0
0
0
0
0
0
0
0
0
0
0
0
0
0
0
0
0
0
0
0
0
0
0
0
0