4198608
5242880
4198400
4198422
4198420
4198560
4199160
4198573
4198656
4198696
4198675
4198704
4198760
4198740
4198768
4198781
4198824
4198832
4198841
4198879
4198893
4198935
4198903
4198964
4198988
4198997
4199002
4199069
4199085
4199107
4199119
4199122
4199155
4199165
4199228
4199453
4199508
4199786
4199796
4199539
4199798
4199813
4199815
4199914
4199860
4199920
4199969
4200032
4200040
6295640
4198812
4198687
4199997
4198752
4198807
4198795
4198528
4199065
4199042
4199028
4199130
4199215
4199690
4199626
4199193
4199280
4198544
4199297
4199254
4199386
4199403
4199328
4199580
4199604
4199487
4199754
4199775
4199770
4198591
4199885
6295632
4198496
5242896
4199058
5242904
4198512
4199424
5242888
4200006
4199975
6295648
4198578
4199538
4199501
4199666
4199180
4199654
4199237
4199137
4199154
4199142
4199103
4199093
4199101
6295656
4199749
4199718
4199303
4199572
4199984
4198432
4198495
4198507
4198523
4198539
4198555
4198604
4198654
4198655
4198697
4198761
4198825
4199917
4200021
4198689
4198754
4198821
4198448
4198464
4198480
4198445
4198463
4198479
0
0
0
0
0
0
0
0
0
0
0
0
0
0
0
0
0
0
0
0
0
0
0
0
0
0
0
0
0
0
0
0
0
0
0
0
0
0
0
0
0
0
0
0
0
0
0
0
0
0
0
0
0
0
0
0
0
0
0
0
0
0
0
0
0
0
0
0
0
0
0
0
0
0
0
0
0
0
0
0
0
0
0
0
0
0
0
0
0
0
0
0
0
0
0
0
0
0
0
0
0
0
0
0
0
0
0
0
0
0
0
0
0
0
0
0
0
0
0
0
0
0
0
0
0
0
0
0
0
0
0
0
0
0
0
0
0
0
0
0
0
0
0
0
0
0
0
0
0
0
0
0
0
0
0
0
0
0
0
0
0
0
0
0
0
0
0
0
0
0
0
0
0
0
0
0
0
0
0
0
0
0
0
0
0
0
0
0
0
0
0
0
0
0
0
0
0
0
0
0
0
0
0
0
0
0
0
0
0
0
0
0
0
0
0
0
0
0
0
0
0
0
0
0
0
0
0
0
0
0
0
0
0
0
0
0
0
0
0
0
0
0
0
0
0
0
0
0
0
0
0
0
0
0
0
0
0
0
0
0
0
0
0
0
0
0
0
0
0
0
0
0
0
0
0
0
0
0
0
0
0
0
0
0
0
0
0
0
0
0
0
0
0
0
0
0
0
0
0
0
0
0
0
0
0
0
0
0
0
0
0
0
0
0
0
0
0
0
0
0
0
0
0
0
0
0
0
0
0
0
0
0
0
0
0
0
0
0
0
0
0
0
0
0
0
0
0
0
0
0
0
0
0
0
0
0
0
0
0
0
0
0
0
0
0
0
0
0