0 1
1 45 5 47
2 3 4
3 46
4 49 3
5 6 7
6 7
7 40 91
8 9 10
9 50
10 9 51
11 12 13
12 52
13 12 53
14 15 16
15 54 55
16
17 11
18
19
20 21 22
21
22 56
23
24 25 26
25 57
26 58 59
27 24 28
28 101 102
29 30 31
30
31 24 60
32
33
34
35 36
36 92 93
37 38 39
38
39 108 72
40 41 39
41 91
42 43 44
43 78
44 43 79
45 2 46
46 88 89
47
48
49
50
51 80
52 88 109
53 80
54 8 50
55 81 54
56 82
57 60 28
58 25 83
59 58
60 30 98
61 62 63
62 106 97
63 96 97
64 61 64
65 66 67
66 84
67 106 96
68 65 68
69 66 70
70 66 86
71 69 71
72 73 74
73 63 95
74 93 35
75 76 77
76 38 41
77 85
78 104
79 78
80
81 80
82
83 57
84 86 70 67
85 87
86 105
87
88 90
89 109 17
90 5
91 42 78
92 94 73
93 35 36
94 62 95
95 64
96 94 74
97 68
98 99 100
99
100 98
101
102 103
103 101 103
104
105 108
106 105 107
107 71
108 72 75
109 49 52
110 80
111 81
112 85
113 56
114 66
115 5
116 0
117
118 8
119 11
120 14
121 17
122 45
123 47
124 9
125 12
126 16
127 110
128 110
129 110
130 127
131 128
132 129
