512
168108032
6144
1029
537200640
49152
32768
268698728
1537
16389
33652741
12289
262
268501510
2147549442
3078
0
2049
0
0
24578
0
4102
0
1539
8198
49158
4355
49256
49155
0
16974087
0
3076
0
275120647
10244
1128
2147746053
537329925
49159
67109893
2154234216
0
0
0
0
264
2154234985
264
16859141
34079750
1032
17240067
33753096
16390
1073940584
3079
12296
1074267143
9220
2148008201
521
1033
0
264
0
8198
6153
537464840
1074332679
261
135012362
617
32777
778
67766281
134877192
67571722
0
2148139275
34275594
67831817
268961803
1031
1074397445
269156613
24587
2148237322
17563914
134808076
4104
3084
12300
1074536459
2148302858
17432845
2057
34406661
537526533
3085
269291532
537731083
2148155405
266
2148335877
782
68027405
135139340
537595918
32778
537788677
49166
17760526
34538509
68096012
8203
135201029
12303
1074741262
2148466958
17826829
269222416
261
3088
269488143
537935886
1074790670
67993616
4108
785
68224016
135335951
269565966
17702929
1037
49169
17957137
34735120
68292623
1074661394
270
12306
1074937873
2148663569
18023440
269419027
16398
3091
269684754
538132497
1074987281
68190227
4111
788
68420627
135532562
269762577
17899540
1040
49172
18153748
34931731
68489234
1074858005
273
12309
1075134484
2148860180
18220051
269615638
16401
3094
269881365
538329108
1075183892
68386838
4114
791
68617238
135729173
269959188
18096151
1043
49175
18350359
35128342
68685845
1075054616
276
12312
1075331095
2149056791
18416662
269812249
16404
3097
270077976
538525719
1075380503
68583449
4117
794
68813849
135925784
270155799
18292762
1046
49178
18546970
35324953
68882456
1075251227
279
12315
1075527706
2149253402
18613273
270008860
16407
3100
270274587
538722330
1075577114
68780060
4120
797
69010460
136122395
270352410
18489373
1049
49181
18743581
35521564
69079067
1075447838
282
12318
1075724317
2149450013
18809884
270205471
16410
3103
270471198
538918941
1075773725
68976671
4123
800
69207071
136319006
270549021
18685984
1052
49184
18940192
35718175
69275678
1075644449
285
12321
1075920928
2149646624
19006495
270402082
16413
3106
270667809
539115552
1075970336
69173282
4126
803
69403682
136515617
270745632
18882595
1055
49187
19136803
35914786
69472289
1075841060
288
12324
1076117539
2149843235
19203106
270598693
16416
3109
270864420
539312163
1076166947
69369893
4129
806
69600293
136712228
270942243
19079206
1058
49190
19333414
36111397
69668900
1076037671
291
12327
1076314150
2150039846
19399717
270795304
16419
3112
271061031
539508774
1076363558
69566504
4132
809
69796904
136908839
271138854
19275817
1061
49193
19530025
36308008
69865511
1076234282
294
12330
1076510761
2150236457
19596328
270991915
16422
3115
271257642
539705385
1076560169
69763115
4135
812
69993515
137105450
271335465
19472428
1064
49196
19726636
36504619
70062122
1076430893
297
12333
1076707372
2150433068
19792939
271188526
16425
3118
271454253
539901996
1076756780
69959726
4138
815
70190126
137302061
271532076
19669039
1067
49199
19923247
36701230
70258733
1076627504
300
12336
1076903983
2150629679
19989550
271385137
16428
3121
271650864
540098607
1076953391
70156337
4141
818
70386737
137498672
271728687
19865650
1070
49202
20119858
36897841
70455344
1076824115
303
12339
1077100594
2150826290
20186161
271581748
16431
3124
271847475
540295218
1077150002
70352948
4144
821
70583348
137695283
271925298
20062261
1073
49205
20316469
37094452
70651955
1077020726
306
12342
1077297205
2151022901
20382772
271778359
16434
3127
272044086
540491829
1077346613
70549559
4147
824
70779959
137891894
272121909
20258872
1076
49208
20513080
37291063
70848566
1077217337
309
12345
1077493816
2151219512
20579383
271974970
16437
3130
272240697
540688440
1077543224
70746170
4150
827
70976570
138088505
272318520
20455483
1079
49211
20709691
37487674
71045177
1077413948
312
12348
1077690427
2151416123
20775994
272171581
16440
3133
272437308
540885051
1077739835
70942781
4153
830
71173181
138285116
272515131
20652094
1082
49214
20906302
37684285
71241788
1077610559
315
12351
1077887038
2151612734
20972605
272368192
16443
3136
272633919
541081662
1077936446
71139392
4156
833
71369792
138481727
272711742
20848705
1085
49217
21102913
37880896
71438399
1077807170
318
12354
1078083649
2151809345
21169216
272564803
16446
3139
272830530
541278273
1078133057
71336003
4159
836
71566403
138678338
272908353
21045316
1088
49220
21299524
38077507
71635010
1078003781
321
12357
1078280260
2152005956
21365827
272761414
16449
3142
273027141
541474884
1078329668
71532614
4162
839
71763014
138874949
273104964
21241927
1091
49223
21496135
38274118
71831621
1078200392
324
12360
1078476871
2152202567
21562438
272958025
16452
3145
273223752
541671495
1078526279
71729225
4165
842
71959625
139071560
273301575
21438538
1094
49226
21692746
38470729
72028232
1078397003
327
12363
1078673482
2152399178
21759049
273154636
16455
3148
273420363
541868106
1078722890
71925836
4168
845
72156236
139268171
273498186
21635149
1097
49229
21889357
38667340
72224843
1078593614
330
12366
1078870093
2152595789
21955660
273351247
16458
3151
273616974
542064717
1078919501
72122447
4171
848
72352847
139464782
273694797
21831760
1100
49232
22085968
38863951
72421454
1078790225
333
12369
1079066704
2152792400
22152271
273547858
16461
3154
273813585
542261328
1079116112
72319058
4174
851
72549458
139661393
273891408
22028371
1103
49235
22282579
39060562
72618065
1078986836
336
12372
1079263315
2152989011
22348882
273744469
16464
3157
274010196
542457939
1079312723
72515669
4177
854
72746069
139858004
274088019
22224982
1106
49238
22479190
39257173
72814676
1079183447
339
12375
1079459926
2153185622
22545493
273941080
16467
3160
274206807
542654550
1079509334
72712280
4180
857
72942680
140054615
274284630
22421593
1109
49241
22675801
39453784
73011287
1079380058
342
12378
1079656537
2153382233
22742104
274137691
16470
3163
274403418
542851161
1079705945
72908891
4183
860
73139291
140251226
274481241
22618204
1112
49244
22872412
39650395
73207898
1079576669
345
12381
1079853148
2153578844
22938715
274334302
16473
3166
274600029
543047772
1079902556
73105502
4186
863
73335902
140447837
274677852
22814815
1115
49247
23069023
39847006
73404509
1079773280
348
12384
1080049759
2153775455
23135326
274530913
16476
3169
274796640
543244383
1080099167
73302113
4189
866
73532513
140644448
274874463
23011426
1118
49250
23265634
40043617
73601120
1079969891
351
12387
1080246370
2153972066
23331937
274727524
16479
3172
274993251
543440994
1080295778
73498724
4192
869
73729124
140841059
275071074
23208037
1121
49253
23462245
40240228
73797731
1080166502
354
4198
543572069
1080426853
2154169444
274923879
16482
4615
40321125
73859429
73664615
4195
275202149
23404647
1124
1080377447
357
16485
616
73990658
8192
1074004489
12392
0
2152
0
361
1080557929
0
537198854
264
520
1033
4102
8192
256
0
257
2049
16385
514
517
2053
513
4097
258
2153
2153
2155
4203
0
0
0
0
0
0
0
0
0
0
0
0
0
0
0
0
0
0
0
0
0
0
0
0
0
0
0
0
0
0
0
0
0
0
0
0
0
0
0
0
0
0
0
0
0
0
0
0
0
0
0
0
0
0
0
0
0
0
0
0
0
0
0
0
0
0
0
0
0
0
0
0
0
0
0
0
0
0
0
0
0
0
0
0
0
0
0
0
0
0
0
0
0
0
0
0
0
0
0
0
0
0
0
0
0
0
0
0
0
0
0
0
0
0
0
0
0
0
0
0
0
0
0
0
0
0
0
0
0
0
0
0
0
0
0
0
0
0
0
0
0
0
0
0
0
0
0
0
0
0
0
0
0
0
0
0
0
0
0
0
0
0
0
0
0
0
0
0
0
0
0
0
0
0
0
0
0
0
0
0
0
0
0
0
0
0
0
0
0
0
0
0
0
0
0
0
0
0
0
0
0
0
0
0
0
0
0
0
0
0
0
0
0
0
0
0
0
0
0
0
0
0
0
0
0
0
0
0
0
0
0
0
0
0
0
0
0
0
0
0
0
0
0
0
0
0
0
0
0
0
0
0
0
0
0
0
0
0
0
0
0
0
0
0
0
0
0
0
0
0
0
0
0
0
0
0
0
0
0
0
0
0
0
0
0
0
0
0
0
0
0
0
0
0
0
0
0
0
0
0
0
0
0
0
0
0
0
0
0
0
0
0
0
0
0
0
0
0
0
0
0
0
0
0
0
0
0
0
0
0
0
0
0
0
0
0
0
0
0
0
0
0
0
0
0
0
0
0
0
0
0
0
0
0
0
0
0
0
0
0
0
0
0
0
0
0
0
0
0
0
0
0
0
0
0
0
0
0
0
0
0
0
0
0
0
0
0
0
0
0
0
0
0
0
0
0
0
0
0
0
0
0
0
0
0
0
0
0
0
0
0
0
0
0
0
0
0
0
0
0
0
0
0
0
0
0
0
0
0
0
0
0
0
0
0
0
0
0
0
0
0
0
0
0
0
0
0
0
0
0
0
0
0
0
0
0
0
0
0
0
0
0
0
0
0
0
0
0
0
0
0
0
0
0
0
0
0
0
0
0
0
0
0
0
0
0
0
0
0
0
0
0
0
0
0
0
0
0
0
0
0
0
0
0
0
0
0
0
0
0
0
0
0
0
0
0
0
0
0
0
0
0
0
0
0
0
0
0
0
0
0
0
0
0
0
0
0
0
0
0
0
0
0
0
0
0
0
0
0
0
0
0
0
0
0
0
0
0
0
0
0
0
0
0
0
0
0
0
0
0
0
0
0
0
0
0
0
0
0
0
0
0
0
0
0
0
0
0
0
0
0
0
0
0
0
0
0
0
0
0
0
0
0
0
0
0
0
0
0
0
0
0
0
0
0
0
0
0
0
0
0
0
0
0
0
0
0
0
0
0
0
0
0
0
0
0
0