1 5242880 4198622
1 4221168 6295648
1 4198400 4221217
0 4198422 0
2 4221217 0
0 4221223 0
1 4198800 4221245
0 4198672 0
0 4198728 0
2 4221245 0
0 4221254 0
2 6295648 0
1 4198528 6295656
1 4220869 4198541
2 4198541 0
1 4220884 4198546
1 4199128 4220898
0 4199145 0
0 4199186 0
0 4199197 0
0 4199216 0
0 4199313 0
0 4199324 0
0 4199335 0
0 4199354 0
0 4199451 0
0 4199462 0
0 4199473 0
0 4199492 0
0 4199589 0
0 4199600 0
0 4199611 0
0 4199630 0
0 4199727 0
0 4199738 0
0 4199749 0
0 4199768 0
0 4199865 0
0 4199876 0
0 4199887 0
0 4199906 0
0 4200003 0
0 4200018 0
0 4200033 0
0 4200052 0
0 4200071 0
0 4200166 0
0 4200181 0
0 4200196 0
0 4200215 0
0 4200234 0
0 4200329 0
0 4200344 0
0 4200359 0
0 4200378 0
0 4200397 0
0 4200492 0
0 4200507 0
0 4200522 0
0 4200541 0
0 4200560 0
0 4200655 0
0 4200670 0
0 4200685 0
0 4200704 0
0 4200723 0
0 4200818 0
0 4200833 0
0 4200848 0
0 4200867 0
0 4200886 0
0 4200981 0
0 4200996 0
0 4201011 0
0 4201030 0
0 4201049 0
0 4201144 0
0 4201159 0
0 4201174 0
0 4201193 0
0 4201212 0
0 4201307 0
0 4201322 0
0 4201337 0
0 4201356 0
0 4201375 0
0 4201470 0
0 4201485 0
0 4201500 0
0 4201519 0
0 4201538 0
0 4201633 0
0 4201648 0
0 4201663 0
0 4201682 0
0 4201701 0
0 4201796 0
0 4201811 0
0 4201826 0
0 4201845 0
0 4201864 0
0 4201959 0
0 4201974 0
0 4201989 0
0 4202008 0
0 4202027 0
0 4202122 0
0 4202137 0
0 4202152 0
0 4202171 0
0 4202190 0
0 4202285 0
0 4202300 0
0 4202315 0
0 4202334 0
0 4202353 0
0 4202448 0
0 4202463 0
0 4202478 0
0 4202497 0
0 4202516 0
0 4202611 0
0 4202626 0
0 4202641 0
0 4202660 0
0 4202679 0
0 4202774 0
0 4202789 0
0 4202804 0
0 4202823 0
0 4202842 0
0 4202937 0
0 4202952 0
0 4202967 0
0 4202986 0
0 4203005 0
0 4203100 0
0 4203115 0
0 4203130 0
0 4203149 0
0 4203168 0
0 4203263 0
0 4203278 0
0 4203293 0
0 4203312 0
0 4203331 0
0 4203426 0
0 4203441 0
0 4203456 0
0 4203475 0
0 4203494 0
0 4203589 0
0 4203604 0
0 4203619 0
0 4203638 0
0 4203657 0
0 4203752 0
0 4203767 0
0 4203782 0
0 4203801 0
0 4203820 0
0 4203915 0
0 4203930 0
0 4203945 0
0 4203968 0
0 4203987 0
0 4204096 0
0 4204111 0
0 4204126 0
0 4204149 0
0 4204168 0
0 4204277 0
0 4204292 0
0 4204307 0
0 4204330 0
0 4204349 0
0 4204458 0
0 4204473 0
0 4204488 0
0 4204511 0
0 4204530 0
0 4204639 0
0 4204654 0
0 4204669 0
0 4204692 0
0 4204711 0
0 4204820 0
0 4204835 0
0 4204850 0
0 4204873 0
0 4204892 0
0 4205001 0
0 4205016 0
0 4205031 0
0 4205054 0
0 4205073 0
0 4205182 0
0 4205197 0
0 4205212 0
0 4205235 0
0 4205254 0
0 4205363 0
0 4205378 0
0 4205393 0
0 4205416 0
0 4205435 0
0 4205544 0
0 4205559 0
0 4205574 0
0 4205597 0
0 4205616 0
0 4205725 0
0 4205740 0
0 4205755 0
0 4205778 0
0 4205797 0
0 4205906 0
0 4205921 0
0 4205936 0
0 4205959 0
0 4205978 0
0 4206087 0
0 4206102 0
0 4206117 0
0 4206140 0
0 4206159 0
0 4206268 0
0 4206283 0
0 4206298 0
0 4206321 0
0 4206340 0
0 4206449 0
0 4206464 0
0 4206479 0
0 4206502 0
0 4206521 0
0 4206630 0
0 4206645 0
0 4206660 0
0 4206683 0
0 4206702 0
0 4206811 0
0 4206826 0
0 4206841 0
0 4206864 0
0 4206883 0
0 4206992 0
0 4207007 0
0 4207022 0
0 4207045 0
0 4207064 0
0 4207173 0
0 4207188 0
0 4207203 0
0 4207226 0
0 4207245 0
0 4207354 0
0 4207369 0
0 4207384 0
0 4207407 0
0 4207426 0
0 4207535 0
0 4207550 0
0 4207565 0
0 4207588 0
0 4207607 0
0 4207716 0
0 4207731 0
0 4207746 0
0 4207769 0
0 4207788 0
0 4207897 0
0 4207912 0
0 4207927 0
0 4207950 0
0 4207969 0
0 4208078 0
0 4208093 0
0 4208108 0
0 4208127 0
0 4208146 0
0 4208241 0
0 4208256 0
0 4208271 0
0 4208294 0
0 4208313 0
0 4208422 0
0 4208437 0
0 4208452 0
0 4208471 0
0 4208490 0
0 4208585 0
0 4208600 0
0 4208615 0
0 4208638 0
0 4208657 0
0 4208766 0
0 4208781 0
0 4208796 0
0 4208815 0
0 4208834 0
0 4208929 0
0 4208944 0
0 4208959 0
0 4208982 0
0 4209001 0
0 4209110 0
0 4209125 0
0 4209140 0
0 4209159 0
0 4209178 0
0 4209273 0
0 4209288 0
0 4209303 0
0 4209326 0
0 4209345 0
0 4209454 0
0 4209469 0
0 4209484 0
0 4209507 0
0 4209526 0
0 4209635 0
0 4209650 0
0 4209665 0
0 4209688 0
0 4209707 0
0 4209816 0
0 4209831 0
0 4209846 0
0 4209865 0
0 4209884 0
0 4209979 0
0 4209994 0
0 4210009 0
0 4210032 0
0 4210051 0
0 4210160 0
0 4210175 0
0 4210190 0
0 4210209 0
0 4210228 0
0 4210323 0
0 4210338 0
0 4210353 0
0 4210376 0
0 4210395 0
0 4210504 0
0 4210519 0
0 4210534 0
0 4210557 0
0 4210576 0
0 4210685 0
0 4210700 0
0 4210715 0
0 4210738 0
0 4210757 0
0 4210866 0
0 4210881 0
0 4210896 0
0 4210919 0
0 4210938 0
0 4211047 0
0 4211062 0
0 4211077 0
0 4211100 0
0 4211119 0
0 4211228 0
0 4211243 0
0 4211258 0
0 4211277 0
0 4211296 0
0 4211391 0
0 4211406 0
0 4211421 0
0 4211444 0
0 4211463 0
0 4211572 0
0 4211587 0
0 4211602 0
0 4211621 0
0 4211640 0
0 4211735 0
0 4211750 0
0 4211765 0
0 4211788 0
0 4211807 0
0 4211916 0
0 4211931 0
0 4211946 0
0 4211965 0
0 4211984 0
0 4212079 0
0 4212094 0
0 4212109 0
0 4212132 0
0 4212151 0
0 4212260 0
0 4212275 0
0 4212290 0
0 4212309 0
0 4212328 0
0 4212423 0
0 4212438 0
0 4212453 0
0 4212476 0
0 4212495 0
0 4212604 0
0 4212619 0
0 4212634 0
0 4212657 0
0 4212676 0
0 4212785 0
0 4212800 0
0 4212815 0
0 4212838 0
0 4212857 0
0 4212966 0
0 4212981 0
0 4212996 0
0 4213015 0
0 4213034 0
0 4213129 0
0 4213144 0
0 4213159 0
0 4213182 0
0 4213201 0
0 4213310 0
0 4213325 0
0 4213340 0
0 4213359 0
0 4213378 0
0 4213473 0
0 4213488 0
0 4213503 0
0 4213526 0
0 4213545 0
0 4213654 0
0 4213669 0
0 4213684 0
0 4213707 0
0 4213726 0
0 4213835 0
0 4213850 0
0 4213865 0
0 4213888 0
0 4213907 0
0 4214016 0
0 4214031 0
0 4214046 0
0 4214069 0
0 4214088 0
0 4214197 0
0 4214212 0
0 4214227 0
0 4214250 0
0 4214269 0
0 4214378 0
0 4214393 0
0 4214408 0
0 4214427 0
0 4214446 0
0 4214541 0
0 4214556 0
0 4214571 0
0 4214594 0
0 4214613 0
0 4214722 0
0 4214737 0
0 4214752 0
0 4214771 0
0 4214790 0
0 4214885 0
0 4214900 0
0 4214915 0
0 4214938 0
0 4214957 0
0 4215066 0
0 4215081 0
0 4215096 0
0 4215115 0
0 4215134 0
0 4215229 0
0 4215244 0
0 4215259 0
0 4215282 0
0 4215301 0
0 4215410 0
0 4215425 0
0 4215440 0
0 4215459 0
0 4215478 0
0 4215573 0
0 4215588 0
0 4215603 0
0 4215626 0
0 4215645 0
0 4215754 0
0 4215769 0
0 4215784 0
0 4215807 0
0 4215826 0
0 4215935 0
0 4215950 0
0 4215965 0
0 4215988 0
0 4216007 0
0 4216116 0
0 4216131 0
0 4216146 0
0 4216165 0
0 4216184 0
0 4216279 0
0 4216294 0
0 4216309 0
0 4216332 0
0 4216351 0
0 4216460 0
0 4216475 0
0 4216490 0
0 4216509 0
0 4216528 0
0 4216623 0
0 4216638 0
0 4216653 0
0 4216676 0
0 4216695 0
0 4216804 0
0 4216819 0
0 4216834 0
0 4216857 0
0 4216876 0
0 4216985 0
0 4217000 0
0 4217015 0
0 4217038 0
0 4217057 0
0 4217166 0
0 4217181 0
0 4217196 0
0 4217219 0
0 4217238 0
0 4217347 0
0 4217362 0
0 4217377 0
0 4217400 0
0 4217419 0
0 4217528 0
0 4217543 0
0 4217558 0
0 4217581 0
0 4217600 0
0 4217709 0
0 4217724 0
0 4217739 0
0 4217762 0
0 4217781 0
0 4217890 0
0 4217905 0
0 4217920 0
0 4217943 0
0 4217962 0
0 4218071 0
0 4218086 0
0 4218101 0
0 4218124 0
0 4218143 0
0 4218252 0
0 4218267 0
0 4218282 0
0 4218301 0
0 4218320 0
0 4218415 0
0 4218430 0
0 4218445 0
0 4218468 0
0 4218487 0
0 4218596 0
0 4218611 0
0 4218626 0
0 4218645 0
0 4218664 0
0 4218759 0
0 4218774 0
0 4218789 0
0 4218812 0
0 4218831 0
0 4218940 0
0 4218955 0
0 4218970 0
0 4218993 0
0 4219012 0
0 4219121 0
0 4219136 0
0 4219151 0
0 4219174 0
0 4219193 0
0 4219302 0
0 4219317 0
0 4219332 0
0 4219351 0
0 4219370 0
0 4219465 0
0 4219480 0
0 4219495 0
0 4219518 0
0 4219537 0
0 4219646 0
0 4219661 0
0 4219676 0
0 4219695 0
0 4219714 0
0 4219809 0
0 4219824 0
0 4219839 0
0 4219862 0
0 4219881 0
0 4219990 0
0 4220005 0
0 4220020 0
0 4220043 0
0 4220062 0
0 4220171 0
0 4220186 0
0 4220201 0
0 4220224 0
0 4220243 0
0 4220352 0
0 4220367 0
0 4220382 0
0 4220401 0
0 4220420 0
0 4220515 0
0 4220530 0
0 4220545 0
0 4220568 0
0 4220587 0
0 4220696 0
0 4220711 0
0 4220726 0
0 4220745 0
0 4220764 0
0 4220859 0
0 4199137 0
0 4220866 0
2 4220898 0
2 4198546 0
1 4220899 4198559
0 4220964 0
0 4220979 0
0 4220993 0
0 4221032 0
0 4221041 0
0 4221050 0
0 4221019 0
0 4221032 0
0 4221041 0
0 4221050 0
0 4221059 0
0 4221071 0
0 4221083 0
0 4221095 0
0 4221107 0
0 4221127 0
0 4221148 0
2 4198559 0
2 6295656 0
3 0 0
3 0 0
3 0 0
3 0 0
3 0 0
3 0 0
3 0 0
3 0 0
3 0 0
3 0 0
3 0 0
3 0 0
3 0 0
3 0 0
3 0 0
3 0 0
3 0 0
3 0 0
3 0 0
3 0 0
3 0 0
3 0 0
3 0 0
3 0 0
3 0 0
3 0 0
3 0 0
3 0 0
3 0 0
3 0 0
3 0 0
3 0 0
3 0 0
3 0 0
3 0 0
3 0 0
3 0 0
3 0 0
3 0 0
3 0 0
3 0 0
3 0 0
3 0 0
3 0 0
3 0 0
3 0 0
3 0 0
3 0 0
3 0 0
3 0 0
3 0 0
3 0 0
3 0 0
3 0 0
3 0 0
3 0 0
3 0 0
3 0 0
3 0 0
3 0 0
3 0 0
3 0 0
3 0 0
3 0 0
3 0 0
3 0 0
3 0 0
3 0 0
3 0 0
3 0 0
3 0 0
3 0 0
3 0 0
3 0 0
3 0 0
3 0 0
3 0 0
3 0 0
3 0 0
3 0 0
3 0 0
3 0 0
3 0 0
3 0 0
3 0 0
3 0 0
3 0 0
3 0 0
3 0 0
3 0 0
3 0 0
3 0 0
3 0 0
3 0 0
3 0 0
3 0 0
3 0 0
3 0 0
3 0 0
3 0 0
3 0 0
3 0 0
3 0 0
3 0 0
3 0 0
3 0 0
3 0 0
3 0 0
3 0 0
3 0 0
3 0 0
3 0 0
3 0 0
3 0 0
3 0 0
3 0 0
3 0 0
3 0 0
3 0 0
3 0 0
3 0 0
3 0 0
3 0 0
3 0 0
3 0 0
3 0 0
3 0 0
3 0 0
3 0 0
3 0 0
3 0 0
3 0 0
3 0 0
3 0 0
3 0 0
3 0 0
3 0 0
3 0 0
3 0 0
3 0 0
3 0 0
3 0 0
3 0 0
3 0 0
3 0 0
3 0 0
3 0 0
3 0 0
3 0 0
3 0 0
3 0 0
3 0 0
3 0 0
3 0 0
3 0 0
3 0 0
3 0 0
3 0 0
3 0 0
3 0 0
3 0 0
3 0 0
3 0 0
3 0 0
3 0 0
3 0 0
3 0 0
3 0 0
3 0 0
3 0 0
3 0 0
3 0 0
3 0 0
3 0 0
3 0 0
3 0 0
3 0 0
3 0 0
3 0 0
3 0 0
3 0 0
3 0 0
3 0 0
3 0 0
3 0 0
3 0 0
3 0 0
3 0 0
3 0 0
3 0 0
3 0 0
3 0 0
3 0 0
3 0 0
3 0 0
3 0 0
3 0 0
3 0 0
3 0 0
3 0 0
3 0 0
3 0 0
3 0 0
3 0 0
3 0 0
3 0 0
3 0 0
3 0 0
3 0 0
3 0 0
3 0 0
3 0 0
3 0 0
3 0 0
3 0 0
3 0 0
3 0 0
3 0 0
3 0 0
3 0 0
3 0 0
3 0 0
3 0 0
3 0 0
3 0 0
3 0 0
3 0 0
3 0 0
3 0 0
3 0 0
3 0 0
3 0 0
3 0 0
3 0 0
3 0 0
3 0 0
3 0 0
3 0 0
3 0 0
3 0 0
3 0 0
3 0 0
3 0 0
3 0 0
3 0 0
3 0 0
3 0 0
3 0 0
3 0 0
3 0 0
3 0 0
3 0 0
3 0 0
3 0 0
3 0 0
3 0 0
3 0 0
3 0 0
3 0 0
3 0 0
3 0 0
3 0 0
3 0 0
3 0 0
3 0 0
3 0 0
3 0 0
3 0 0
3 0 0
3 0 0
3 0 0
3 0 0
3 0 0
3 0 0
3 0 0
3 0 0
3 0 0
3 0 0
3 0 0
3 0 0
3 0 0
3 0 0
3 0 0
3 0 0
3 0 0
3 0 0
3 0 0
3 0 0
3 0 0
3 0 0
3 0 0
3 0 0
3 0 0
3 0 0
3 0 0
3 0 0
3 0 0
3 0 0
3 0 0
3 0 0
3 0 0
3 0 0
3 0 0
3 0 0
3 0 0
3 0 0
3 0 0
3 0 0
3 0 0
3 0 0
3 0 0
3 0 0
3 0 0
3 0 0
3 0 0
3 0 0
3 0 0
3 0 0
3 0 0
3 0 0
3 0 0
3 0 0
3 0 0
3 0 0
3 0 0
3 0 0
3 0 0
3 0 0
3 0 0
3 0 0
3 0 0
3 0 0
3 0 0
3 0 0
3 0 0
3 0 0
3 0 0
3 0 0
3 0 0
3 0 0
3 0 0
3 0 0
3 0 0
3 0 0
3 0 0
3 0 0
3 0 0
3 0 0
3 0 0
3 0 0
3 0 0
3 0 0
3 0 0
3 0 0
3 0 0
3 0 0
3 0 0
3 0 0
3 0 0
3 0 0
3 0 0
3 0 0
3 0 0
3 0 0
3 0 0
3 0 0
3 0 0
3 0 0
3 0 0
3 0 0
3 0 0
3 0 0
3 0 0
3 0 0
3 0 0
3 0 0
3 0 0
3 0 0
3 0 0
3 0 0
3 0 0
3 0 0
3 0 0
3 0 0
3 0 0
3 0 0
3 0 0
3 0 0
3 0 0
3 0 0
3 0 0
3 0 0
3 0 0
3 0 0
3 0 0
3 0 0
3 0 0
3 0 0
3 0 0
3 0 0
3 0 0
3 0 0
3 0 0
3 0 0
3 0 0
3 0 0
3 0 0
3 0 0
3 0 0
3 0 0
3 0 0
3 0 0
3 0 0
3 0 0
3 0 0
3 0 0
3 0 0
3 0 0
3 0 0
3 0 0
3 0 0
3 0 0
3 0 0
3 0 0
3 0 0
3 0 0
3 0 0
3 0 0
3 0 0
3 0 0
3 0 0
3 0 0
3 0 0
3 0 0
3 0 0
3 0 0
3 0 0
3 0 0
3 0 0
3 0 0
3 0 0
3 0 0
3 0 0
3 0 0
3 0 0
3 0 0
3 0 0
3 0 0
3 0 0
3 0 0
3 0 0
3 0 0
3 0 0
3 0 0
3 0 0
3 0 0
3 0 0
3 0 0
3 0 0
3 0 0
3 0 0
3 0 0
3 0 0
3 0 0
3 0 0
3 0 0
3 0 0
3 0 0
3 0 0
3 0 0
3 0 0
3 0 0
3 0 0
3 0 0
3 0 0
3 0 0
3 0 0
3 0 0
3 0 0
3 0 0
3 0 0
3 0 0
3 0 0
3 0 0
3 0 0
3 0 0
3 0 0
3 0 0
3 0 0
3 0 0
3 0 0
3 0 0
3 0 0
3 0 0
3 0 0
3 0 0
3 0 0
3 0 0
3 0 0
3 0 0
3 0 0
3 0 0
3 0 0
3 0 0
3 0 0
3 0 0
3 0 0
3 0 0
3 0 0
3 0 0
3 0 0
3 0 0
3 0 0
3 0 0
3 0 0
3 0 0
3 0 0
3 0 0
3 0 0
3 0 0
3 0 0
3 0 0
3 0 0
3 0 0
3 0 0
3 0 0
3 0 0
3 0 0
3 0 0
3 0 0
3 0 0
3 0 0
3 0 0
3 0 0
3 0 0
3 0 0
3 0 0
3 0 0
3 0 0
3 0 0
3 0 0
3 0 0
3 0 0
3 0 0
3 0 0
3 0 0
3 0 0
3 0 0
3 0 0
3 0 0
3 0 0
3 0 0
3 0 0
3 0 0
3 0 0
3 0 0
3 0 0
3 0 0
3 0 0
3 0 0
3 0 0
3 0 0
3 0 0
3 0 0
3 0 0
3 0 0
3 0 0
3 0 0
3 0 0
3 0 0
3 0 0
3 0 0
3 0 0
3 0 0
3 0 0
3 0 0
3 0 0
3 0 0
3 0 0
3 0 0
3 0 0
3 0 0
3 0 0
3 0 0
3 0 0
3 0 0
3 0 0
3 0 0
3 0 0
3 0 0
3 0 0
3 0 0
3 0 0
3 0 0
3 0 0
3 0 0
3 0 0
3 0 0
3 0 0
3 0 0
3 0 0
3 0 0
3 0 0
3 0 0
3 0 0
3 0 0
3 0 0
3 0 0
3 0 0
3 0 0
3 0 0
3 0 0
3 0 0
3 0 0
3 0 0
3 0 0
3 0 0
3 0 0
3 0 0
3 0 0
3 0 0
3 0 0
3 0 0
3 0 0
3 0 0
3 0 0
3 0 0
3 0 0
3 0 0
3 0 0
3 0 0
3 0 0
3 0 0
3 0 0
3 0 0
3 0 0
3 0 0
3 0 0
3 0 0
3 0 0
3 0 0
3 0 0
3 0 0
3 0 0
3 0 0
3 0 0
3 0 0
3 0 0
3 0 0
3 0 0
3 0 0
3 0 0
3 0 0
3 0 0
3 0 0
3 0 0
3 0 0
3 0 0
3 0 0
3 0 0
3 0 0
3 0 0
3 0 0
3 0 0
3 0 0
3 0 0
3 0 0
3 0 0
3 0 0
3 0 0
3 0 0
3 0 0
3 0 0
3 0 0
3 0 0
3 0 0
3 0 0
3 0 0
3 0 0
3 0 0
3 0 0
3 0 0
3 0 0
3 0 0
3 0 0
3 0 0
3 0 0
3 0 0
3 0 0
3 0 0
3 0 0
3 0 0
3 0 0
3 0 0
3 0 0
3 0 0
3 0 0
3 0 0
3 0 0
3 0 0
3 0 0
3 0 0
3 0 0
3 0 0
3 0 0
3 0 0
3 0 0
3 0 0
3 0 0
3 0 0
3 0 0
3 0 0
3 0 0
3 0 0
3 0 0
3 0 0
3 0 0
3 0 0
3 0 0
3 0 0
3 0 0
3 0 0
3 0 0
3 0 0
3 0 0
3 0 0
3 0 0
3 0 0
3 0 0
3 0 0
3 0 0
3 0 0
3 0 0
3 0 0
3 0 0
3 0 0
3 0 0
3 0 0
3 0 0
3 0 0
3 0 0
3 0 0
3 0 0
3 0 0
3 0 0
3 0 0
3 0 0
3 0 0
3 0 0
3 0 0
3 0 0
3 0 0
3 0 0
3 0 0
3 0 0
3 0 0
3 0 0
3 0 0
3 0 0
3 0 0
3 0 0
3 0 0
3 0 0
3 0 0
3 0 0
3 0 0
3 0 0
3 0 0
3 0 0
3 0 0
3 0 0
3 0 0
3 0 0
3 0 0
3 0 0
3 0 0
3 0 0
3 0 0
3 0 0
3 0 0
3 0 0
3 0 0
3 0 0
3 0 0
3 0 0
3 0 0
3 0 0
3 0 0
3 0 0
3 0 0
3 0 0
3 0 0
3 0 0
3 0 0
3 0 0
3 0 0
3 0 0
3 0 0
3 0 0
3 0 0
3 0 0
3 0 0
3 0 0
3 0 0
3 0 0
3 0 0
3 0 0
3 0 0
3 0 0
3 0 0
3 0 0
3 0 0
3 0 0
3 0 0
3 0 0
3 0 0
3 0 0
3 0 0
3 0 0
3 0 0
3 0 0
3 0 0
3 0 0
3 0 0
3 0 0
3 0 0
3 0 0
3 0 0
3 0 0
3 0 0
3 0 0
3 0 0
3 0 0
3 0 0
3 0 0
3 0 0
3 0 0
3 0 0
3 0 0
3 0 0
3 0 0
3 0 0
3 0 0
3 0 0
3 0 0
3 0 0
3 0 0
3 0 0
3 0 0
3 0 0
3 0 0
3 0 0
3 0 0
3 0 0
3 0 0
3 0 0
3 0 0
3 0 0
3 0 0
3 0 0
3 0 0
3 0 0
3 0 0
3 0 0
3 0 0
3 0 0
3 0 0
3 0 0
3 0 0
3 0 0
3 0 0
3 0 0
3 0 0
3 0 0
3 0 0
3 0 0
3 0 0
3 0 0
3 0 0
3 0 0
3 0 0
3 0 0
3 0 0
3 0 0
3 0 0
3 0 0
3 0 0
3 0 0
3 0 0
3 0 0
3 0 0
3 0 0
3 0 0
3 0 0
3 0 0
3 0 0
3 0 0
3 0 0
3 0 0
3 0 0
3 0 0
3 0 0
3 0 0
3 0 0
3 0 0
3 0 0
3 0 0
3 0 0
3 0 0
3 0 0
3 0 0
3 0 0
3 0 0
3 0 0
3 0 0
3 0 0
3 0 0
3 0 0
3 0 0
3 0 0
3 0 0
3 0 0
3 0 0
3 0 0
3 0 0
3 0 0
3 0 0
3 0 0
3 0 0
3 0 0
3 0 0
3 0 0
3 0 0
3 0 0
3 0 0
3 0 0
3 0 0
3 0 0
3 0 0
3 0 0
3 0 0
3 0 0
3 0 0
3 0 0
3 0 0
3 0 0
3 0 0
3 0 0
3 0 0
3 0 0
3 0 0
3 0 0
3 0 0
3 0 0
3 0 0
3 0 0
3 0 0
3 0 0
3 0 0
3 0 0
3 0 0
3 0 0
3 0 0
3 0 0
3 0 0
3 0 0
3 0 0
3 0 0
3 0 0
3 0 0
3 0 0
3 0 0
3 0 0
3 0 0
3 0 0
3 0 0
3 0 0
3 0 0
3 0 0
3 0 0
3 0 0
3 0 0
3 0 0
3 0 0
3 0 0
3 0 0
3 0 0
3 0 0
3 0 0
3 0 0
3 0 0
3 0 0
3 0 0
3 0 0
3 0 0
3 0 0
3 0 0
3 0 0
3 0 0
3 0 0
3 0 0
3 0 0
3 0 0
3 0 0
3 0 0
3 0 0
3 0 0
3 0 0
3 0 0
3 0 0
3 0 0
3 0 0
3 0 0
3 0 0
3 0 0
3 0 0
3 0 0
3 0 0
3 0 0
3 0 0
3 0 0
3 0 0
3 0 0
3 0 0
3 0 0
3 0 0
3 0 0
3 0 0
3 0 0
3 0 0
3 0 0
3 0 0
3 0 0
3 0 0
3 0 0
3 0 0
3 0 0
3 0 0
3 0 0
3 0 0
3 0 0
3 0 0
3 0 0
3 0 0
3 0 0
3 0 0
3 0 0
3 0 0
3 0 0
3 0 0
3 0 0
3 0 0
3 0 0
3 0 0
3 0 0
3 0 0
3 0 0
3 0 0
3 0 0
3 0 0
3 0 0
3 0 0
3 0 0
3 0 0
3 0 0
3 0 0
3 0 0
3 0 0
3 0 0
3 0 0
3 0 0
3 0 0
3 0 0
3 0 0
3 0 0
3 0 0
3 0 0
3 0 0
3 0 0
3 0 0
3 0 0
3 0 0
3 0 0
3 0 0
3 0 0
3 0 0
3 0 0
3 0 0
3 0 0
3 0 0
3 0 0
3 0 0
3 0 0
3 0 0
3 0 0
3 0 0
3 0 0
3 0 0
3 0 0
3 0 0
3 0 0
3 0 0
3 0 0
3 0 0
3 0 0
3 0 0
3 0 0
3 0 0
3 0 0
3 0 0
3 0 0
3 0 0
3 0 0
3 0 0
3 0 0
3 0 0
3 0 0
3 0 0
3 0 0
3 0 0
3 0 0
3 0 0
3 0 0
3 0 0
3 0 0
3 0 0
3 0 0
3 0 0
3 0 0
3 0 0
3 0 0
3 0 0
3 0 0
3 0 0
3 0 0
3 0 0
3 0 0
3 0 0
3 0 0
3 0 0
3 0 0
3 0 0
3 0 0
3 0 0
3 0 0
3 0 0
3 0 0
3 0 0
3 0 0
3 0 0
3 0 0
3 0 0
3 0 0
3 0 0
3 0 0
3 0 0
3 0 0
3 0 0
3 0 0
3 0 0
3 0 0
3 0 0
3 0 0
3 0 0
3 0 0
3 0 0
3 0 0
3 0 0
3 0 0
3 0 0
3 0 0
3 0 0
3 0 0
3 0 0
3 0 0
3 0 0
3 0 0
3 0 0
3 0 0
3 0 0
3 0 0
3 0 0
3 0 0
3 0 0
3 0 0
3 0 0
3 0 0
3 0 0
3 0 0
3 0 0
3 0 0
3 0 0
3 0 0
3 0 0
3 0 0
3 0 0
3 0 0
3 0 0
3 0 0
3 0 0
3 0 0
3 0 0
3 0 0
3 0 0
3 0 0
3 0 0
3 0 0
3 0 0
3 0 0
3 0 0
3 0 0
3 0 0
3 0 0
3 0 0
3 0 0
3 0 0
3 0 0
3 0 0
3 0 0
3 0 0
3 0 0
3 0 0
3 0 0
3 0 0
3 0 0
3 0 0
3 0 0
3 0 0
3 0 0
3 0 0
3 0 0
3 0 0
3 0 0
3 0 0
3 0 0
3 0 0
3 0 0
3 0 0
3 0 0
3 0 0
3 0 0
3 0 0
3 0 0
3 0 0
3 0 0
3 0 0
3 0 0
3 0 0
3 0 0
3 0 0
3 0 0
3 0 0
3 0 0
3 0 0
3 0 0
3 0 0
3 0 0
3 0 0
3 0 0
3 0 0
3 0 0
3 0 0
3 0 0
3 0 0
3 0 0
3 0 0
3 0 0
3 0 0
3 0 0
3 0 0
3 0 0
3 0 0
3 0 0
3 0 0
3 0 0
3 0 0
3 0 0
3 0 0
3 0 0
3 0 0
3 0 0
3 0 0
3 0 0
3 0 0
3 0 0
3 0 0
3 0 0
3 0 0
3 0 0
3 0 0
3 0 0
3 0 0
3 0 0
3 0 0
3 0 0
3 0 0
3 0 0
3 0 0
3 0 0
3 0 0
3 0 0
3 0 0
3 0 0
3 0 0
3 0 0
3 0 0
3 0 0
3 0 0
3 0 0
3 0 0
3 0 0
3 0 0
3 0 0
3 0 0
3 0 0
3 0 0
3 0 0
3 0 0
3 0 0
3 0 0
3 0 0
3 0 0
3 0 0
3 0 0
3 0 0
3 0 0
3 0 0
3 0 0
3 0 0
3 0 0
3 0 0
3 0 0
3 0 0
3 0 0