4198576
5242880
4198400
4198422
4198420
4198528
4220869
4198541
4198624
4198664
4198643
4198672
4198728
4198708
4198736
4198749
4198792
4198800
4198809
4198847
4198861
4198903
4198871
4198932
4198956
4198965
4198970
4199037
4199053
4199075
4199087
4199090
4199123
4220874
4220883
4199128
4220884
4220898
4220899
4220964
4221127
4221168
4221217
4221280
4221288
6295640
4198780
4198655
4221245
4198720
4198775
4198763
4198512
4199033
4199010
4198996
4199098
4199145
4199313
4199186
4220866
4220979
4221148
4221143
6295632
4198480
5242896
4199026
4199451
4199324
4199197
4221125
4220993
4198559
4198496
4199589
4199462
4199335
4199216
5242888
4199727
4199600
4199473
4199354
4199235
4221032
4221041
4199865
4199738
4199611
4199492
4199373
4221050
4200003
4199876
4199749
4199630
4199511
4221059
4221019
4200166
4200018
4199887
4199768
4199649
4221071
4200329
4200181
4200033
4199906
4199787
4221083
4200492
4200344
4200196
4200052
4199925
4221095
4200655
4200507
4200359
4200215
4200071
4221107
4200818
4200670
4200522
4200378
4200234
4200090
4200981
4200833
4200685
4200541
4200397
4200253
4201144
4200996
4200848
4200704
4200560
4200416
4201307
4201159
4201011
4200867
4200723
4200579
4201470
4201322
4201174
4201030
4200886
4200742
4201633
4201485
4201337
4201193
4201049
4200905
4201796
4201648
4201500
4201356
4201212
4201068
4201959
4201811
4201663
4201519
4201375
4201231
4202122
4201974
4201826
4201682
4201538
4201394
4202285
4202137
4201989
4201845
4201701
4201557
4202448
4202300
4202152
4202008
4201864
4201720
4202611
4202463
4202315
4202171
4202027
4201883
4202774
4202626
4202478
4202334
4202190
4202046
4202937
4202789
4202641
4202497
4202353
4202209
4203100
4202952
4202804
4202660
4202516
4202372
4203263
4203115
4202967
4202823
4202679
4202535
4203426
4203278
4203130
4202986
4202842
4202698
4203589
4203441
4203293
4203149
4203005
4202861
4203752
4203604
4203456
4203312
4203168
4203024
4203915
4203767
4203619
4203475
4203331
4203187
4204096
4203930
4203782
4203638
4203494
4203350
4204277
4204111
4203945
4203801
4203657
4203513
4204458
4204292
4204126
4203968
4203820
4203676
4204639
4204473
4204307
4204149
4203987
4203839
4204820
4204654
4204488
4204330
4204168
4204006
4205001
4204835
4204669
4204511
4204349
4204187
4205182
4205016
4204850
4204692
4204530
4204368
4205363
4205197
4205031
4204873
4204711
4204549
4205544
4205378
4205212
4205054
4204892
4204730
4205725
4205559
4205393
4205235
4205073
4204911
4205906
4205740
4205574
4205416
4205254
4205092
4206087
4205921
4205755
4205597
4205435
4205273
4206268
4206102
4205936
4205778
4205616
4205454
4206449
4206283
4206117
4205959
4205797
4205635
4206630
4206464
4206298
4206140
4205978
4205816
4206811
4206645
4206479
4206321
4206159
4205997
4206992
4206826
4206660
4206502
4206340
4206178
4207173
4207007
4206841
4206683
4206521
4206359
4207354
4207188
4207022
4206864
4206702
4206540
4207535
4207369
4207203
4207045
4206883
4206721
4207716
4207550
4207384
4207226
4207064
4206902
4207897
4207731
4207565
4207407
4207245
4207083
4208078
4207912
4207746
4207588
4207426
4207264
4208241
4208093
4207927
4207769
4207607
4207445
4208422
4208256
4208108
4207950
4207788
4207626
4208585
4208437
4208271
4208127
4207969
4207807
4208766
4208600
4208452
4208294
4208146
4207988
4208929
4208781
4208615
4208471
4208313
4208165
4209110
4208944
4208796
4208638
4208490
4208332
4209273
4209125
4208959
4208815
4208657
4208509
4209454
4209288
4209140
4208982
4208834
4208676
4209635
4209469
4209303
4209159
4209001
4208853
4209816
4209650
4209484
4209326
4209178
4209020
4209979
4209831
4209665
4209507
4209345
4209197
4210160
4209994
4209846
4209688
4209526
4209364
4210323
4210175
4210009
4209865
4209707
4209545
4210504
4210338
4210190
4210032
4209884
4209726
4210685
4210519
4210353
4210209
4210051
4209903
4210866
4210700
4210534
4210376
4210228
4210070
4211047
4210881
4210715
4210557
4210395
4210247
4211228
4211062
4210896
4210738
4210576
4210414
4211391
4211243
4211077
4210919
4210757
4210595
4211572
4211406
4211258
4211100
4210938
4210776
4211735
4211587
4211421
4211277
4211119
4210957
4211916
4211750
4211602
4211444
4211296
4211138
4212079
4211931
4211765
4211621
4211463
4211315
4212260
4212094
4211946
4211788
4211640
4211482
4212423
4212275
4212109
4211965
4211807
4211659
4212604
4212438
4212290
4212132
4211984
4211826
4212785
4212619
4212453
4212309
4212151
4212003
4212966
4212800
4212634
4212476
4212328
4212170
4213129
4212981
4212815
4212657
4212495
4212347
4213310
4213144
4212996
4212838
4212676
4212514
4213473
4213325
4213159
4213015
4212857
4212695
4213654
4213488
4213340
4213182
4213034
4212876
4213835
4213669
4213503
4213359
4213201
4213053
4214016
4213850
4213684
4213526
4213378
4213220
4214197
4214031
4213865
4213707
4213545
4213397
4214378
4214212
4214046
4213888
4213726
4213564
4214541
4214393
4214227
4214069
4213907
4213745
4214722
4214556
4214408
4214250
4214088
4213926
4214885
4214737
4214571
4214427
4214269
4214107
4215066
4214900
4214752
4214594
4214446
4214288
4215229
4215081
4214915
4214771
4214613
4214465
4215410
4215244
4215096
4214938
4214790
4214632
4215573
4215425
4215259
4215115
4214957
4214809
4215754
4215588
4215440
4215282
4215134
4214976
4215935
4215769
4215603
4215459
4215301
4215153
4216116
4215950
4215784
4215626
4215478
4215320
4216279
4216131
4215965
4215807
4215645
4215497
4216460
4216294
4216146
4215988
4215826
4215664
4216623
4216475
4216309
4216165
4216007
4215845
4216804
4216638
4216490
4216332
4216184
4216026
4216985
4216819
4216653
4216509
4216351
4216203
4217166
4217000
4216834
4216676
4216528
4216370
4217347
4217181
4217015
4216857
4216695
4216547
4217528
4217362
4217196
4217038
4216876
4216714
4217709
4217543
4217377
4217219
4217057
4216895
4217890
4217724
4217558
4217400
4217238
4217076
4218071
4217905
4217739
4217581
4217419
4217257
4218252
4218086
4217920
4217762
4217600
4217438
4218415
4218267
4218101
4217943
4217781
4217619
4218596
4218430
4218282
4218124
4217962
4217800
4218759
4218611
4218445
4218301
4218143
4217981
4218940
4218774
4218626
4218468
4218320
4218162
4219121
4218955
4218789
4218645
4218487
4218339
4219302
4219136
4218970
4218812
4218664
4218506
4219465
4219317
4219151
4218993
4218831
4218683
4219646
4219480
4219332
4219174
4219012
4218850
4219809
4219661
4219495
4219351
4219193
4219031
4219990
4219824
4219676
4219518
4219370
4219212
4220171
4220005
4219839
4219695
4219537
4219389
4220352
4220186
4220020
4219862
4219714
4219556
4220515
4220367
4220201
4220043
4219881
4219733
4220696
4220530
4220382
4220224
4220062
4219900
4220859
4220711
4220545
4220401
4220243
4220081
4199137
4220726
4220568
4220420
4220262
4220745
4220587
4220439
4220764
4220606
4220783
4221254
4221223
6295648
4198546
4199105
4199122
4199110
4199071
4199061
4199069
6295656
4221232
4198432
4198479
4198491
4198507
4198523
4198572
4198622
4198623
4198665
4198729
4198793
4221153
4221269
4198657
4198722
4198789
4198448
4198464
4198445
4198463
0
0
0
0
0
0
0
0
0
0
0
0
0
0
0
0
0
0
0
0
0
0
0
0
0
0
0
0
0
0
0
0
0
0
0
0
0
0
0
0
0
0
0
0
0
0
0
0
0
0
0
0
0
0
0
0
0
0
0
0
0
0
0
0
0
0
0
0
0
0
0
0
0
0
0
0
0
0
0
0
0
0
0
0
0
0
0
0
0
0
0
0
0
0
0
0
0
0
0
0
0
0
0
0
0
0
0
0
0
0
0
0
0
0
0
0
0
0
0
0
0
0
0
0
0
0
0
0
0
0
0
0
0
0
0
0
0
0
0
0
0
0
0
0
0
0
0
0
0
0
0
0
0
0
0
0
0
0
0
0
0
0
0
0
0
0
0
0
0
0
0
0
0
0
0
0
0
0
0
0
0
0
0
0
0
0
0
0
0
0
0
0
0
0
0
0
0
0
0
0
0
0
0
0
0
0
0
0
0
0
0
0
0
0
0
0
0
0
0
0
0
0
0
0
0
0
0
0
0
0
0
0
0
0
0
0
0
0
0
0
0
0
0
0
0
0
0
0
0
0
0
0
0
0
0
0
0
0
0
0
0
0
0
0
0
0
0
0
0
0
0
0
0
0
0
0
0
0
0
0
0
0
0
0
0
0
0
0
0
0
0
0
0
0
0
0
0
0
0
0
0
0
0
0
0
0
0
0
0
0
0
0
0
0
0
0
0
0
0
0
0
0
0
0
0
0
0
0
0
0
0
0
0
0
0
0
0
0
0
0
0
0
0
0
0
0
0
0
0
0
0
0
0
0
0
0
0
0
0
0
0
0
0
0
0
0
0
0
0
0
0
0
0
0
0
0
0
0
0
0
0
0
0
0
0
0
0
0
0
0
0
0
0
0
0
0
0
0
0
0
0
0
0
0
0
0
0
0
0
0
0
0
0
0
0
0
0
0
0
0
0
0
0
0
0
0
0
0
0
0
0
0
0
0
0
0
0
0
0
0
0
0
0
0
0
0
0
0
0
0
0
0
0
0
0
0
0
0
0
0
0
0
0
0
0
0
0
0
0
0
0
0
0
0
0
0
0
0
0
0
0
0
0
0
0
0
0
0
0
0
0
0
0
0
0
0
0
0
0
0
0
0
0
0
0
0
0
0
0
0
0
0
0
0
0
0
0
0
0
0
0
0
0
0
0
0
0
0
0
0
0
0
0
0
0
0
0
0
0
0
0
0
0
0
0
0
0
0
0
0
0
0
0
0
0
0
0
0
0
0
0
0
0
0
0
0
0
0
0
0
0
0
0
0
0
0
0
0
0
0
0
0
0
0
0
0
0
0
0
0
0
0
0
0
0
0
0
0
0
0
0
0
0
0
0
0
0
0
0
0
0
0
0
0
0
0
0
0
0
0
0
0
0
0
0
0
0
0
0
0
0
0
0
0
0
0
0
0