0 1
1 41 5 43
2 3 4
3 42
4 45 3
5 6 7
6 7
7 36 834
8 9 10
9 46
10 9 47
11 12 13
12 48
13 12 49
14 15 16
15 50 51
16
17 11
18
19
20 21 22
21
22 52
23
24 25 26
25 53
26 54 55
27 24 28
28 838 839
29 30 31
30
31 24 56
32
33 34 35
34
35 820 57
36 37 35
37 834
38 39 40
39 61 40
40 62 63
41 2 42
42 831 832
43
44
45
46
47 64
48 831 842
49 64
50 8 46
51 65 50
52 66
53 56 28
54 25 67
55 54
56 30 835
57 58 59
58 68 69
59 70 58
60 37 34
61 71 72
62 73
63 74
64
65 64
66
67 53
68 75 76
69 77 68
70 78 58
71 40
72 99 85
73 841
74 79
75 80 81
76 82 75
77 83 68
78 58 84
79
80 87 88
81 89 80
82 90 75
83 68 91
84 58
85 86 40
86 92 40
87 93 94
88 95 87
89 96 80
90 75 97
91 68
92 98 99
93 100 101
94 102 93
95 103 87
96 80 104
97 75
98 105 40
99 85 40
100 106 107
101 108 100
102 109 93
103 87 110
104 80
105 111 40
106 112 113
107 114 106
108 115 100
109 93 116
110 87
111 117 40
112 118 119
113 120 112
114 121 106
115 122 100
116 93
117 123 40
118 124 125
119 126 118
120 127 112
121 128 106
122 100 129
123 40
124 130 131
125 132 124
126 133 118
127 134 112
128 106 135
129 100
130 136 137
131 138 130
132 139 124
133 140 118
134 112 141
135 106
136 142 143
137 144 136
138 145 130
139 146 124
140 118 147
141 112
142 148 149
143 150 142
144 151 136
145 152 130
146 124 153
147 118
148 154 155
149 156 148
150 157 142
151 158 136
152 130 159
153 124
154 160 161
155 162 154
156 163 148
157 164 142
158 136 165
159 130
160 166 167
161 168 160
162 169 154
163 170 148
164 142 171
165 136
166 172 173
167 174 166
168 175 160
169 176 154
170 148 177
171 142
172 178 179
173 180 172
174 181 166
175 182 160
176 154 183
177 148
178 184 185
179 186 178
180 187 172
181 188 166
182 160 189
183 154
184 190 191
185 192 184
186 193 178
187 194 172
188 166 195
189 160
190 196 197
191 198 190
192 199 184
193 200 178
194 172 201
195 166
196 202 203
197 204 196
198 205 190
199 206 184
200 178 207
201 172
202 208 209
203 210 202
204 211 196
205 212 190
206 184 213
207 178
208 214 215
209 216 208
210 217 202
211 218 196
212 190 219
213 184
214 220 221
215 222 214
216 223 208
217 224 202
218 196 225
219 190
220 226 227
221 228 220
222 229 214
223 230 208
224 202 231
225 196
226 232 233
227 234 226
228 235 220
229 236 214
230 208 237
231 202
232 238 239
233 240 232
234 241 226
235 242 220
236 214 243
237 208
238 244 245
239 246 238
240 247 232
241 248 226
242 220 249
243 214
244 250 251
245 252 244
246 253 238
247 254 232
248 226 255
249 220
250 256 257
251 258 250
252 259 244
253 260 238
254 232 261
255 226
256 262 263
257 264 256
258 265 250
259 266 244
260 238 267
261 232
262 268 269
263 270 262
264 271 256
265 272 250
266 244 273
267 238
268 274 275
269 276 268
270 277 262
271 278 256
272 250 279
273 244
274 280 281
275 282 274
276 283 268
277 284 262
278 256 285
279 250
280 286 287
281 288 280
282 289 274
283 290 268
284 262 291
285 256
286 292 293
287 294 286
288 295 280
289 296 274
290 268 297
291 262
292 298 299
293 300 292
294 301 286
295 302 280
296 274 303
297 268
298 304 305
299 306 298
300 307 292
301 308 286
302 280 309
303 274
304 310 311
305 312 304
306 313 298
307 314 292
308 286 315
309 280
310 316 317
311 318 310
312 319 304
313 320 298
314 292 321
315 286
316 322 323
317 324 316
318 325 310
319 326 304
320 298 327
321 292
322 328 329
323 330 322
324 331 316
325 332 310
326 304 333
327 298
328 334 335
329 336 328
330 337 322
331 338 316
332 310 339
333 304
334 340 341
335 342 334
336 343 328
337 344 322
338 316 345
339 310
340 346 347
341 348 340
342 349 334
343 350 328
344 322 351
345 316
346 352 353
347 354 346
348 355 340
349 356 334
350 328 357
351 322
352 358 359
353 360 352
354 361 346
355 362 340
356 334 363
357 328
358 364 365
359 366 358
360 367 352
361 368 346
362 340 369
363 334
364 370 371
365 372 364
366 373 358
367 374 352
368 346 375
369 340
370 376 377
371 378 370
372 379 364
373 380 358
374 352 381
375 346
376 382 383
377 384 376
378 385 370
379 386 364
380 358 387
381 352
382 388 389
383 390 382
384 391 376
385 392 370
386 364 393
387 358
388 394 395
389 396 388
390 397 382
391 398 376
392 370 399
393 364
394 400 401
395 402 394
396 403 388
397 404 382
398 376 405
399 370
400 406 407
401 408 400
402 409 394
403 410 388
404 382 411
405 376
406 412 413
407 414 406
408 415 400
409 416 394
410 388 417
411 382
412 418 419
413 420 412
414 421 406
415 422 400
416 394 423
417 388
418 424 425
419 426 418
420 427 412
421 428 406
422 400 429
423 394
424 430 431
425 432 424
426 433 418
427 434 412
428 406 435
429 400
430 436 437
431 438 430
432 439 424
433 440 418
434 412 441
435 406
436 442 443
437 444 436
438 445 430
439 446 424
440 418 447
441 412
442 448 449
443 450 442
444 451 436
445 452 430
446 424 453
447 418
448 454 455
449 456 448
450 457 442
451 458 436
452 430 459
453 424
454 460 461
455 462 454
456 463 448
457 464 442
458 436 465
459 430
460 466 467
461 468 460
462 469 454
463 470 448
464 442 471
465 436
466 472 473
467 474 466
468 475 460
469 476 454
470 448 477
471 442
472 478 479
473 480 472
474 481 466
475 482 460
476 454 483
477 448
478 484 485
479 486 478
480 487 472
481 488 466
482 460 489
483 454
484 490 491
485 492 484
486 493 478
487 494 472
488 466 495
489 460
490 496 497
491 498 490
492 499 484
493 500 478
494 472 501
495 466
496 502 503
497 504 496
498 505 490
499 506 484
500 478 507
501 472
502 508 509
503 510 502
504 511 496
505 512 490
506 484 513
507 478
508 514 515
509 516 508
510 517 502
511 518 496
512 490 519
513 484
514 520 521
515 522 514
516 523 508
517 524 502
518 496 525
519 490
520 526 527
521 528 520
522 529 514
523 530 508
524 502 531
525 496
526 532 533
527 534 526
528 535 520
529 536 514
530 508 537
531 502
532 538 539
533 540 532
534 541 526
535 542 520
536 514 543
537 508
538 544 545
539 546 538
540 547 532
541 548 526
542 520 549
543 514
544 550 551
545 552 544
546 553 538
547 554 532
548 526 555
549 520
550 556 557
551 558 550
552 559 544
553 560 538
554 532 561
555 526
556 562 563
557 564 556
558 565 550
559 566 544
560 538 567
561 532
562 568 569
563 570 562
564 571 556
565 572 550
566 544 573
567 538
568 574 575
569 576 568
570 577 562
571 578 556
572 550 579
573 544
574 580 581
575 582 574
576 583 568
577 584 562
578 556 585
579 550
580 586 587
581 588 580
582 589 574
583 590 568
584 562 591
585 556
586 592 593
587 594 586
588 595 580
589 596 574
590 568 597
591 562
592 598 599
593 600 592
594 601 586
595 602 580
596 574 603
597 568
598 604 605
599 606 598
600 607 592
601 608 586
602 580 609
603 574
604 610 611
605 612 604
606 613 598
607 614 592
608 586 615
609 580
610 616 617
611 618 610
612 619 604
613 620 598
614 592 621
615 586
616 622 623
617 624 616
618 625 610
619 626 604
620 598 627
621 592
622 628 629
623 630 622
624 631 616
625 632 610
626 604 633
627 598
628 634 635
629 636 628
630 637 622
631 638 616
632 610 639
633 604
634 640 641
635 642 634
636 643 628
637 644 622
638 616 645
639 610
640 646 647
641 648 640
642 649 634
643 650 628
644 622 651
645 616
646 652 653
647 654 646
648 655 640
649 656 634
650 628 657
651 622
652 658 659
653 660 652
654 661 646
655 662 640
656 634 663
657 628
658 664 665
659 666 658
660 667 652
661 668 646
662 640 669
663 634
664 670 671
665 672 664
666 673 658
667 674 652
668 646 675
669 640
670 676 677
671 678 670
672 679 664
673 680 658
674 652 681
675 646
676 682 683
677 684 676
678 685 670
679 686 664
680 658 687
681 652
682 688 689
683 690 682
684 691 676
685 692 670
686 664 693
687 658
688 694 695
689 696 688
690 697 682
691 698 676
692 670 699
693 664
694 700 701
695 702 694
696 703 688
697 704 682
698 676 705
699 670
700 706 707
701 708 700
702 709 694
703 710 688
704 682 711
705 676
706 712 713
707 714 706
708 715 700
709 716 694
710 688 717
711 682
712 718 719
713 720 712
714 721 706
715 722 700
716 694 723
717 688
718 724 725
719 726 718
720 727 712
721 728 706
722 700 729
723 694
724 730 731
725 732 724
726 733 718
727 734 712
728 706 735
729 700
730 736 737
731 738 730
732 739 724
733 740 718
734 712 741
735 706
736 742 743
737 744 736
738 745 730
739 746 724
740 718 747
741 712
742 748 749
743 750 742
744 751 736
745 752 730
746 724 753
747 718
748 754 755
749 756 748
750 757 742
751 758 736
752 730 759
753 724
754 760 761
755 762 754
756 763 748
757 764 742
758 736 765
759 730
760 766 767
761 768 760
762 769 754
763 770 748
764 742 771
765 736
766 772 773
767 774 766
768 775 760
769 776 754
770 748 777
771 742
772 778 779
773 780 772
774 781 766
775 782 760
776 754 783
777 748
778 784 785
779 786 778
780 787 772
781 788 766
782 760 789
783 754
784 790 791
785 792 784
786 793 778
787 794 772
788 766 795
789 760
790 796 797
791 798 790
792 799 784
793 800 778
794 772 801
795 766
796 802 803
797 804 796
798 805 790
799 806 784
800 778 807
801 772
802 808 809
803 810 802
804 811 796
805 812 790
806 784 813
807 778
808 814 815
809 816 808
810 817 802
811 818 796
812 790 819
813 784
814 820
815 821 814
816 822 808
817 823 802
818 796 824
819 790
820 57 60
821 825 814
822 826 808
823 802 827
824 796
825 828 814
826 808 829
827 802
828 814 830
829 808
830 814
831 833
832 842 17
833 5
834 38 73
835 836 837
836
837 835
838
839 840
840 838 840
841
842 45 48
843 64
844 65
845 74
846 52
847 5
848 0
849
850 8
851 11
852 14
853 17
854 41
855 43
856 9
857 12
858 16
859 843
860 843
861 859
862 860
