0 1
1 42 5 44
2 3 4
3 43
4 46 3
5 6 7
6 7
7 38 69
8 9 10
9 47
10 9 48
11 12 13
12 49
13 12 50
14 15 16
15 51 52
16
17 11
18 19
19 70 71
20 21
21 64 65
22 23 24
23
24 53
25
26 27 28
27 54
28 55 56
29 26 30
30 76 77
31 32 33
32
33 26 57
34
35 36 37
36
37 72 58
38 39 37
39 69
40 41
41 79
42 2 43
43 66 67
44
45
46
47
48 60
49 66 80
50 60
51 8 47
52 61 51
53 62
54 57 30
55 27 63
56 55
57 32 73
58 20 21
59 36 39
60
61 60
62
63 54
64 72
65 71 18
66 68
67 80 17
68 5
69 40 41
70 64
71 18 19
72 58 59
73 74 75
74
75 73
76
77 78
78 76 78
79
80 46 49
81 60
82 61
83 53
84 5
85 0
86
87 8
88 11
89 14
90 17
91 42
92 44
93 9
94 12
95 16
96 81
97 96
