256
671256576
3072
8197
8586240
24576
16384
16879628
769
518
8422406
6145
2054
67145734
536903810
24582
0
1025
0
14338
9218
3074
268730888
387
0
33915016
1283
4108
4099
8204
0
0
772
0
8200
0
12292
16392
393
67240069
1548
1541
0
67240457
0
16785413
6155
0
0
0
0
1033
67485708
1033
4227590
67411974
775
30796002165000
4424202
2055
8716808
24583
1034
1034
776
4522504
647
6152
1155
2058
4106
4358665
134357002
137
16957451
0
1033
5122
779
67338379
537166344
134513160
903
5127
16394
0
16392
0
33886215
1035
1291
1160
8203
537264386
4096
396
0
16395
0
2060
2572
6147
0
2310
1033
2057
2058
8200
4096
128
0
129
1025
8193
258
4101
16389
257
2049
130
141
141
143
271
0
0
0
0
0
0
0
0
0
0
0
0
0
0
0
0
0
0
0
0
0
0
0
0
0
0
0
0
0
0
0
0
0
0
0
0
0
0
0
0
0
0
0
0
0
0
0
0
0
0
0
0
0
0
0
0
0
0
0
0
0
0
0
0
0
0
0
0
0
0
0
0
0
0
0
0
0
0
0
0
0
0
0
0
0
0
0
0
0
0
0
0
0
0
0
0
0
0
0
0
0
0
0
0
0
0
0
0
0
0
0
0
0
0
0
0
0
0
0
0
0
0
0
0
0
0
0
0
0
0
0
0
0
0
0
0
0
0
0
0
0
0
0
0
0
0
0
0
0
0
0
0
0
0
0
0
0
0
0
0
0
0
0
0
0
0
0
0
0
0
0
0
0
0
0
0
0
0
0
0
0
0
0
0
0
0
0
0
0
0
0
0
0
0
0
0
0
0
0
0
0
0
0
0
0
0
0
0
0
0
0
0
0
0
0
0
0
0
0
0
0
0
0
0
0
0
0
0
0
0
0
0
0
0
0
0
0
0
0
0
0
0
0
0
0
0
0
0
0
0
0
0
0
0
0
0
0
0
0
0
0
0
0
0
0
0
0
0
0
0
0
0
0
0
0
0
0
0
0
0
0
0
0
0
0
0
0
0
0
0
0
0
0
0
0
0
0
0
0
0
0
0
0
0
0
0
0
0
0
0
0
0
0
0
0
0
0
0
0
0
0
0
0
0
0
0
0
0
0
0
0
0
0
0
0
0
0
0
0
0
0
0
0
0
0
0
0
0
0
0
0
0
0
0
0
0
0
0
0
0
0
0
0
0
0
0
0
0
0
0
0
0
0
0
0
0