1 5242880 4198622
1 4199792 6295648
1 4198400 4199841
0 4198422 0
2 4199841 0
0 4199847 0
1 4198800 4199869
0 4198672 0
0 4198728 0
2 4199869 0
0 4199878 0
2 6295648 0
1 4198528 6295656
1 4199402 4198541
2 4198541 0
1 4199385 4198546
1 4199031 4199400
0 4199078 0
1 4198829 4199122
0 4198878 0
0 4198841 0
0 4198872 0
0 4198841 0
0 4198878 0
0 4198841 0
0 4198872 0
0 4198883 0
2 4199122 0
1 4198829 4199142
0 4198878 0
0 4198841 0
0 4198872 0
0 4198841 0
0 4198878 0
0 4198883 0
2 4199142 0
1 4198829 4199162
0 4198878 0
0 4198841 0
0 4198872 0
0 4198883 0
2 4199162 0
1 4198969 4199190
0 4198989 0
0 4199004 0
0 4198984 0
0 4198989 0
0 4198999 0
0 4198984 0
0 4198989 0
0 4199004 0
0 4198984 0
0 4198989 0
0 4198999 0
0 4198984 0
0 4198989 0
0 4199004 0
0 4198984 0
0 4198989 0
0 4198999 0
0 4198984 0
0 4198989 0
0 4199004 0
0 4198984 0
0 4198989 0
0 4198999 0
0 4198984 0
0 4198989 0
0 4199004 0
0 4198984 0
0 4198989 0
0 4198999 0
0 4198984 0
0 4198989 0
0 4199004 0
0 4198984 0
0 4198989 0
0 4198999 0
0 4198984 0
0 4198989 0
0 4199004 0
0 4198984 0
0 4199024 0
2 4199190 0
1 4198829 4199213
0 4198878 0
0 4198841 0
0 4198872 0
0 4198883 0
2 4199213 0
1 4198829 4199226
0 4198878 0
0 4198841 0
0 4198872 0
0 4198841 0
0 4198878 0
0 4198883 0
2 4199226 0
1 4198884 4199242
2 4199242 0
1 4198884 4199261
2 4199261 0
1 4198884 4199280
2 4199280 0
1 4198829 4199305
0 4198878 0
0 4198841 0
0 4198872 0
0 4198841 0
0 4198878 0
0 4198883 0
2 4199305 0
0 4199318 0
0 4199070 0
0 4199337 0
0 4199358 0
2 4199400 0
2 4198546 0
1 4199458 4198559
2 4198559 0
2 6295656 0
3 0 0
3 0 0
3 0 0
3 0 0
3 0 0
3 0 0
3 0 0
3 0 0
3 0 0
3 0 0
3 0 0
3 0 0
3 0 0
3 0 0
3 0 0
3 0 0
3 0 0
3 0 0
3 0 0
3 0 0
3 0 0
3 0 0
3 0 0
3 0 0
3 0 0
3 0 0
3 0 0
3 0 0
3 0 0
3 0 0
3 0 0
3 0 0
3 0 0
3 0 0
3 0 0
3 0 0
3 0 0
3 0 0
3 0 0
3 0 0
3 0 0
3 0 0
3 0 0
3 0 0
3 0 0
3 0 0
3 0 0
3 0 0
3 0 0
3 0 0
3 0 0
3 0 0
3 0 0
3 0 0
3 0 0
3 0 0
3 0 0
3 0 0
3 0 0
3 0 0
3 0 0
3 0 0
3 0 0
3 0 0
3 0 0
3 0 0
3 0 0
3 0 0
3 0 0
3 0 0
3 0 0
3 0 0
3 0 0
3 0 0
3 0 0
3 0 0
3 0 0
3 0 0
3 0 0
3 0 0
3 0 0
3 0 0
3 0 0
3 0 0
3 0 0
3 0 0
3 0 0
3 0 0
3 0 0
3 0 0
3 0 0
3 0 0
3 0 0
3 0 0
3 0 0
3 0 0
3 0 0
3 0 0
3 0 0
3 0 0
3 0 0
3 0 0
3 0 0
3 0 0
3 0 0
3 0 0
3 0 0
3 0 0
3 0 0
3 0 0
3 0 0
3 0 0
3 0 0
3 0 0
3 0 0
3 0 0
3 0 0
3 0 0
3 0 0
3 0 0
3 0 0
3 0 0
3 0 0
3 0 0
3 0 0
3 0 0
3 0 0
3 0 0
3 0 0
3 0 0
3 0 0
3 0 0
3 0 0
3 0 0
3 0 0
3 0 0
3 0 0
3 0 0
3 0 0
3 0 0
3 0 0
3 0 0
3 0 0
3 0 0
3 0 0
3 0 0
3 0 0
3 0 0
3 0 0
3 0 0
3 0 0
3 0 0
3 0 0
3 0 0
3 0 0
3 0 0
3 0 0
3 0 0
3 0 0
3 0 0
3 0 0
3 0 0
3 0 0
3 0 0
3 0 0
3 0 0
3 0 0
3 0 0
3 0 0
3 0 0
3 0 0
3 0 0
3 0 0
3 0 0
3 0 0
3 0 0
3 0 0
3 0 0
3 0 0
3 0 0
3 0 0
3 0 0
3 0 0
3 0 0
3 0 0
3 0 0
3 0 0
3 0 0
3 0 0
3 0 0
3 0 0
3 0 0
3 0 0
3 0 0
3 0 0
3 0 0
3 0 0
3 0 0
3 0 0
3 0 0
3 0 0
3 0 0
3 0 0
3 0 0
3 0 0
3 0 0
3 0 0
3 0 0
3 0 0
3 0 0
3 0 0
3 0 0
3 0 0
3 0 0
3 0 0
3 0 0
3 0 0
3 0 0
3 0 0
3 0 0
3 0 0
3 0 0
3 0 0
3 0 0
3 0 0
3 0 0
3 0 0
3 0 0
3 0 0
3 0 0
3 0 0
3 0 0
3 0 0
3 0 0
3 0 0
3 0 0
3 0 0
3 0 0
3 0 0
3 0 0
3 0 0
3 0 0
3 0 0
3 0 0
3 0 0
3 0 0
3 0 0
3 0 0
3 0 0
3 0 0
3 0 0
3 0 0
3 0 0
3 0 0
3 0 0
3 0 0
3 0 0
3 0 0
3 0 0
3 0 0
3 0 0
3 0 0
3 0 0
3 0 0
3 0 0
3 0 0
3 0 0
3 0 0
3 0 0
3 0 0
3 0 0
3 0 0
3 0 0
3 0 0
3 0 0
3 0 0
3 0 0
3 0 0
3 0 0
3 0 0
3 0 0
3 0 0
3 0 0
3 0 0
3 0 0
3 0 0
3 0 0
3 0 0
3 0 0
3 0 0
3 0 0
3 0 0
3 0 0
3 0 0
3 0 0
3 0 0
3 0 0
3 0 0
3 0 0
3 0 0
3 0 0
3 0 0
3 0 0
3 0 0
3 0 0
3 0 0
3 0 0
3 0 0
3 0 0
3 0 0
3 0 0
3 0 0
3 0 0
3 0 0
3 0 0
3 0 0
3 0 0
3 0 0
3 0 0
3 0 0
3 0 0
3 0 0
3 0 0
3 0 0
3 0 0
3 0 0
3 0 0
3 0 0
3 0 0
3 0 0
3 0 0
3 0 0
3 0 0
3 0 0
3 0 0
3 0 0
3 0 0
3 0 0
3 0 0
3 0 0
3 0 0
3 0 0
3 0 0
3 0 0
3 0 0
3 0 0
3 0 0
3 0 0
3 0 0
3 0 0
3 0 0
3 0 0
3 0 0
3 0 0
3 0 0
3 0 0
3 0 0
3 0 0
3 0 0
3 0 0
3 0 0
3 0 0
3 0 0
3 0 0
3 0 0
3 0 0
3 0 0
3 0 0
3 0 0
3 0 0
3 0 0
3 0 0
3 0 0
3 0 0
3 0 0
3 0 0
3 0 0
3 0 0
3 0 0