0 1
1 45 5 47
2 3 4
3 46
4 49 3
5 6 7
6 7
7 26 101
8 9 10
9 50
10 9 51
11 12 13
12 52
13 12 53
14 15 16
15 54 55
16
17 11
18
19 20 21 22
20 19 22
21 19 20
22 78 66
23 24 25
24
25 91 64
26 27 25
27 101
28 29
29 102
30
31
32 33 34
33
34 70
35
36 37 38
37 71
38 72 73
39 36 40
40 98 99
41 42 43
42
43 36 74
44
45 2 46
46 92 93
47
48
49
50
51 75
52 92 103
53 75
54 8 50
55 76 54
56 57 58
57 77 78 79 80 81 65
58 56 82
59 60
60 81 66
61 62 63
62 83
63 83
64 65 66
65 80 66
66 58 56
67 68 69
68 24 27
69 84
70 85
71 40 74
72 37 86
73 72
74 42 95
75
76 75
77 19 21
78 89 90
79 60 88
80 79 66
81 77 66
82 56 58 57
83 59 61
84 87
85
86 71
87
88 83 61
89 91
90 89 91
91 64 67
92 94
93 103 17
94 5
95 96 97
96
97 95
98
99 100
100 98 100
101 28 29
102
103 49 52
104 75
105 76
106 84
107 70
108 5
109 0
110
111 8
112 11
113 14
114 17
115 45
116 47
117 9
118 12
119 16
120 104
121 104
122 120
123 121
