256
168071168
3072
2057
537166848
24576
16384
17007129
769
138
8421642
6145
522
67142666
536903810
6154
0
1025
15362
537461809
24602
5095453
432
0
0
0
3075
88221699
0
9219
0
33652868
0
33653252
3097
33654788
0
24580
8202
268582922
0
0
0
0
4101
18454
537034886
939984783
6159
1542
24591
400
12294
67502608
6149
391
0
8208
1287
537
4103
269979652
537100424
0
1041
0
3080
2065
12305
8712
537657497
393
0
17055761
0
16779273
792
0
0
0
0
146
9177135
146
4227210
8980490
12335
268574730
537166091
434
3083
537166354
3090
537174027
12337
396
537169938
8210
7180
4125
2071
12310
537264525
4620437
8814741
939984783
1037
268829197
4109
10253
537300878
8585749
159
789
1063
24615
34014240
2085
269041701
155
541
1063
2077
293
1555
2063
16432
561
8212
35127810
4817172
6160
6151
6163
9232
401
8211
6170
537395729
16403
537436168
33816724
4113
4491288
0
146
2059
537297952
268607502
268
5079206
147
17170708
537167362
1556
2580
1159
16404
273
0
2065
68714771
537264277
16405
534
270
12308
1045
1037
155
6183
0
12309
1046
538
18453
134906134
538
662
269123862
134611472
16406
9306391
67829911
2070
1559
16407
34455577
12311
152
16404
1047
538415111
1048
68649218
4096
12312
0
2072
0
281
537657625
12313
0
1049
0
529
410
537168386
154
1562
269
4121
16404
537170434
268615694
795
1051
6171
537698331
537755804
17302540
16409
156
284
2327
3100
268599823
537165981
24604
268599439
537166109
34474013
269353501
1053
67997724
4125
17702941
1053
414
1566
6174
8222
552
175
16415
571408543
2062
550
537166367
1582
6175
17760415
4654112
16415
9247
800
2080
4140
4109
537919649
537174048
813
294
4133
537166369
538280108
2080
12321
802
1067
162
2080
547
537166883
67700770
562
24610
268603406
537167907
537166115
12330
548
426
269787170
24611
268600335
537166884
292
2080
6180
68460579
537174052
16420
12328
169
2080
549
135365669
4126
4133
135340069
549
16433
294
5080098
3110
12326
537182246
167
807
5473318
34146338
17237024
268599567
550
16926
67568672
552
1064
537166120
1064
8585493
2216
1063
537182248
425
34906152
5407273
548
2080
297
537169961
9609251
537182249
68329506
537166378
17925162
2346
4129
1066
537182250
427
269819947
555
1067
5376043
5345323
292
555
299
537166124
1580
5636269
2092
4140
537960492
9486380
162
2092
1068
537166893
6189
18252078
8237
16429
3105
135266478
8237
4141
537167918
12334
35062831
16430
175
5243183
9404975
16429
16430
8238
537166346
67305624
17602118488068
1040
560
560
35127440
537174018
12336
538443953
433
8848416
561
16432
537167920
2097
537461011
16433
4145
20491
562
178
651
146
274
16404
1041
145
542
4117
535
4096
128
0
129
1025
8193
258
1033
4105
257
2049
130
1074
1074
1074
1074
1074
1074
16436
181
309
565
1077
2101
0
0
0
0
0
0
0
0
0
0
0
0
0
0
0
0
0
0
0
0
0
0
0
0
0
0
0
0
0
0
0
0
0
0
0
0
0
0
0
0
0
0
0
0
0
0
0
0
0
0
0
0
0
0
0
0
0
0
0
0
0
0
0
0
0