1 413
75 195
2 76
3 500
76 500
194 500
17 82
11 500
12 500
82 500
193 500
195 500
5 435
6 7
7 500
58 202
57 59
134 500
131 500
132 500
60 61
61 500
37 86
38 500
86 500
382 500
37 86
39 500
87 500
86 500
382 500
37 86
39 500
87 500
86 500
381 500
52 192
54 500
44 45
45 500
180 500
130 101
161 500
153 500
18 19
19 500
151 500
152 500
98 500
101 500
181 500
183 500
180 500
130 101
161 500
153 500
18 19
19 500
151 500
152 500
98 500
101 500
182 500
185 500
186 187
191 500
187 500
207 500
208 500
18 20
20 500
214 500
18 21
21 500
216 500
217 500
219 500
207 500
208 500
18 20
20 500
214 500
18 21
21 500
216 500
218 500
220 500
224 500
225 500
185 500
186 187
191 500
187 500
207 500
208 500
18 20
20 500
214 500
18 21
21 500
216 500
217 500
219 500
207 500
208 500
18 20
20 500
214 500
18 21
21 500
216 500
218 500
220 500
224 500
225 500
185 500
186 187
191 500
187 500
207 500
208 500
18 20
20 500
214 500
18 21
21 500
216 500
217 500
219 500
207 500
208 500
18 20
20 500
214 500
18 21
21 500
216 500
218 500
220 500
224 500
225 500
185 500
186 187
191 500
187 500
207 500
208 500
18 20
20 500
214 500
18 21
21 500
239 500
240 500
242 243
246 500
243 500
322 500
49 169
51 500
129 500
18 22
22 500
500 500
500 500
500 500
500 500
500 500
500 500
500 500
500 500
500 500
500 500
500 500
500 500
500 500
500 500
500 500
500 500
500 500
500 500
500 500
500 500
500 500
500 500
500 500
500 500
500 500
500 500
500 500
500 500
500 500
500 500
500 500
500 500
500 500
500 500
500 500
500 500
500 500
500 500
500 500
500 500
500 500
500 500
500 500
500 500
500 500
500 500
500 500
500 500
500 500
500 500
500 500
500 500
500 500
500 500
500 500
500 500
500 500
500 500
500 500
500 500
500 500
500 500
500 500
500 500
500 500
500 500
500 500
500 500
500 500
500 500
500 500
500 500
500 500
500 500
500 500
500 500
500 500
500 500
500 500
500 500
500 500
500 500
500 500
500 500
500 500
500 500
500 500
500 500
500 500
500 500
500 500
500 500
500 500
500 500
500 500
500 500
500 500
500 500
500 500
500 500
500 500
500 500
500 500
500 500
500 500
500 500
500 500
500 500
500 500
500 500
500 500
500 500
500 500
500 500
500 500
500 500
500 500
500 500
500 500
500 500
500 500
500 500
500 500
500 500
500 500
500 500
500 500
500 500
500 500
500 500
500 500
500 500
500 500
500 500
500 500
500 500
500 500
500 500
500 500
500 500
500 500
500 500
500 500
500 500
500 500
500 500
500 500
500 500
500 500
500 500
500 500
500 500
500 500
500 500
500 500
500 500
500 500
500 500
500 500
500 500
500 500
500 500
500 500
500 500
500 500
500 500
500 500
500 500
500 500
500 500
500 500
500 500
500 500
500 500
500 500
500 500
500 500
500 500
500 500
500 500
500 500
500 500
500 500
500 500
500 500
500 500
500 500
500 500
500 500
500 500
500 500
500 500
500 500
500 500
500 500
500 500
500 500
500 500
500 500
500 500
500 500
500 500
500 500
500 500
500 500
500 500
500 500
500 500
500 500
500 500
500 500
500 500
500 500
500 500
500 500
500 500
500 500
500 500
500 500
500 500
500 500
500 500
500 500
500 500
500 500
500 500
500 500
500 500
500 500
500 500
500 500
500 500
500 500
500 500
500 500
500 500
500 500
500 500
500 500
500 500
500 500
500 500
500 500
500 500
500 500
500 500
500 500
500 500
500 500
500 500
500 500
500 500
500 500
500 500
500 500
500 500
500 500
500 500
500 500
500 500
500 500
500 500
500 500
500 500
500 500
500 500
500 500
500 500
500 500
500 500
500 500
500 500
500 500
500 500
500 500
500 500
500 500
500 500
500 500
500 500
500 500
500 500
500 500
500 500
500 500
500 500
500 500
500 500
500 500
500 500
500 500
500 500
500 500
500 500
500 500
500 500
500 500
500 500
500 500
500 500
500 500
500 500
500 500
500 500
500 500
500 500
500 500
500 500
500 500
500 500
500 500
500 500
500 500
500 500
500 500
500 500
500 500
500 500
500 500
500 500
500 500
500 500
500 500
500 500
500 500
500 500
500 500
500 500
500 500
500 500
500 500
500 500
500 500
500 500
500 500
500 500
500 500