1 5242880 4198750
1 4205232 6295648
1 4198400 4205281
0 4198422 0
2 4205281 0
0 4205287 0
1 4198928 4205309
0 4198800 0
0 4198856 0
2 4205309 0
0 4205318 0
2 6295648 0
1 4198656 6295656
1 4204870 4198669
2 4198669 0
1 4204887 4198674
1 4204558 4204902
0 4204624 0
0 4204626 0
0 4204633 0
1 4204942 4204648
2 4204648 0
1 4199193 4204660
0 4199249 0
2 4204660 0
0 4204650 0
1 4199193 4204660
0 4199208 0
0 4199232 0
2 4204660 0
0 4204650 0
1 4199193 4204660
0 4199208 0
0 4199232 0
2 4204660 0
0 4204687 0
1 4200545 4204711
0 4200640 0
1 4199305 4200656
2 4200656 0
0 4200734 0
1 4199640 4200748
0 4199683 0
0 4199710 0
1 4198937 4199734
2 4199734 0
0 4199702 0
0 4199676 0
0 4199761 0
2 4200748 0
0 4200758 0
0 4200712 0
0 4200734 0
1 4199640 4200748
0 4199683 0
0 4199710 0
1 4198937 4199734
2 4199734 0
0 4199702 0
0 4199676 0
0 4199761 0
2 4200748 0
0 4200763 0
0 4200797 0
1 4198640 4200812
0 5242928 0
2 4200812 0
0 4201015 0
0 4201067 0
1 4198937 4201097
2 4201097 0
0 4201143 0
1 4198937 4201160
2 4201160 0
0 4204117 0
0 4204132 0
0 4200974 0
0 4201015 0
0 4201067 0
1 4198937 4201097
2 4201097 0
0 4201143 0
1 4198937 4201160
2 4201160 0
0 4204117 0
0 4204142 0
0 4204163 0
0 4204495 0
0 4200775 0
0 4200797 0
1 4198640 4200812
0 5242928 0
2 4200812 0
0 4201015 0
0 4201067 0
1 4198937 4201097
2 4201097 0
0 4201143 0
1 4198937 4201160
2 4201160 0
0 4204117 0
0 4204132 0
0 4200974 0
0 4201015 0
0 4201067 0
1 4198937 4201097
2 4201097 0
0 4201143 0
1 4198937 4201160
2 4201160 0
0 4204117 0
0 4204142 0
0 4204163 0
0 4204495 0
0 4200775 0
0 4200797 0
1 4198640 4200812
0 5242928 0
2 4200812 0
0 4201015 0
0 4201067 0
1 4198937 4201097
2 4201097 0
0 4201143 0
1 4198937 4201160
2 4201160 0
0 4204117 0
0 4204132 0
0 4200974 0
0 4201015 0
0 4201067 0
1 4198937 4201097
2 4201097 0
0 4201143 0
1 4198937 4201160
2 4201160 0
0 4204117 0
0 4204142 0
0 4204163 0
0 4204495 0
0 4200775 0
0 4200797 0
1 4198640 4200812
0 5242928 0
2 4200812 0
0 4201015 0
0 4201067 0
1 4198937 4201097
2 4201097 0
0 4201143 0
1 4198937 4201160
2 4201160 0
0 4201168 0
0 4201184 0
1 4198608 4201209
0 5242912 0
2 4201209 0
0 4204105 0
1 4200151 4204113
0 4200243 0
0 4200255 0
1 4198937 4200276
2 4200276 0
3 0 0
3 0 0
3 0 0
3 0 0
3 0 0
3 0 0
3 0 0
3 0 0
3 0 0
3 0 0
3 0 0
3 0 0
3 0 0
3 0 0
3 0 0
3 0 0
3 0 0
3 0 0
3 0 0
3 0 0
3 0 0
3 0 0
3 0 0
3 0 0
3 0 0
3 0 0
3 0 0
3 0 0
3 0 0
3 0 0
3 0 0
3 0 0
3 0 0
3 0 0
3 0 0
3 0 0
3 0 0
3 0 0
3 0 0
3 0 0
3 0 0
3 0 0
3 0 0
3 0 0
3 0 0
3 0 0
3 0 0
3 0 0
3 0 0
3 0 0
3 0 0
3 0 0
3 0 0
3 0 0
3 0 0
3 0 0
3 0 0
3 0 0
3 0 0
3 0 0
3 0 0
3 0 0
3 0 0
3 0 0
3 0 0
3 0 0
3 0 0
3 0 0
3 0 0
3 0 0
3 0 0
3 0 0
3 0 0
3 0 0
3 0 0
3 0 0
3 0 0
3 0 0
3 0 0
3 0 0
3 0 0
3 0 0
3 0 0
3 0 0
3 0 0
3 0 0
3 0 0
3 0 0
3 0 0
3 0 0
3 0 0
3 0 0
3 0 0
3 0 0
3 0 0
3 0 0
3 0 0
3 0 0
3 0 0
3 0 0
3 0 0
3 0 0
3 0 0
3 0 0
3 0 0
3 0 0
3 0 0
3 0 0
3 0 0
3 0 0
3 0 0
3 0 0
3 0 0
3 0 0
3 0 0
3 0 0
3 0 0
3 0 0
3 0 0
3 0 0
3 0 0
3 0 0
3 0 0
3 0 0
3 0 0
3 0 0
3 0 0
3 0 0
3 0 0
3 0 0
3 0 0
3 0 0
3 0 0
3 0 0
3 0 0
3 0 0
3 0 0
3 0 0
3 0 0
3 0 0
3 0 0
3 0 0
3 0 0
3 0 0
3 0 0
3 0 0
3 0 0
3 0 0
3 0 0
3 0 0
3 0 0
3 0 0
3 0 0
3 0 0
3 0 0
3 0 0
3 0 0
3 0 0
3 0 0
3 0 0
3 0 0
3 0 0
3 0 0
3 0 0
3 0 0
3 0 0
3 0 0
3 0 0
3 0 0
3 0 0
3 0 0
3 0 0
3 0 0
3 0 0
3 0 0
3 0 0
3 0 0
3 0 0
3 0 0
3 0 0
3 0 0
3 0 0
3 0 0
3 0 0
3 0 0
3 0 0
3 0 0
3 0 0
3 0 0
3 0 0
3 0 0
3 0 0
3 0 0
3 0 0
3 0 0
3 0 0
3 0 0
3 0 0
3 0 0
3 0 0
3 0 0
3 0 0
3 0 0
3 0 0
3 0 0
3 0 0
3 0 0
3 0 0
3 0 0
3 0 0
3 0 0
3 0 0
3 0 0
3 0 0
3 0 0
3 0 0
3 0 0
3 0 0
3 0 0
3 0 0
3 0 0
3 0 0
3 0 0
3 0 0
3 0 0
3 0 0
3 0 0
3 0 0
3 0 0
3 0 0
3 0 0
3 0 0
3 0 0
3 0 0
3 0 0
3 0 0
3 0 0
3 0 0
3 0 0
3 0 0
3 0 0
3 0 0
3 0 0
3 0 0
3 0 0
3 0 0
3 0 0
3 0 0
3 0 0
3 0 0
3 0 0
3 0 0
3 0 0
3 0 0
3 0 0
3 0 0
3 0 0
3 0 0
3 0 0
3 0 0
3 0 0
3 0 0
3 0 0
3 0 0
3 0 0
3 0 0
3 0 0
3 0 0
3 0 0
3 0 0
3 0 0
3 0 0
3 0 0
3 0 0
3 0 0
3 0 0
3 0 0
3 0 0
3 0 0
3 0 0
3 0 0
3 0 0
3 0 0
3 0 0
3 0 0
3 0 0
3 0 0
3 0 0
3 0 0
3 0 0
3 0 0
3 0 0
3 0 0
3 0 0
3 0 0
3 0 0
3 0 0
3 0 0
3 0 0
3 0 0
3 0 0
3 0 0
3 0 0
3 0 0
3 0 0
3 0 0
3 0 0
3 0 0
3 0 0
3 0 0
3 0 0
3 0 0
3 0 0
3 0 0
3 0 0
3 0 0
3 0 0
3 0 0
3 0 0
3 0 0
3 0 0
3 0 0
3 0 0
3 0 0
3 0 0
3 0 0
3 0 0
3 0 0
3 0 0
3 0 0
3 0 0
3 0 0
3 0 0
3 0 0
3 0 0
3 0 0
3 0 0