4198704
5242880
4198400
4198422
4198420
4198656
4204870
4198669
4198752
4198792
4198771
4198800
4198856
4198836
4198864
4198877
4198920
4198928
4198937
4199734
4201097
4201160
4200276
4198947
4198955
4198966
4198976
4204904
4198986
4198990
4199011
4199057
4199070
4199114
4199128
4199164
4199174
4199193
4199249
4199208
4199253
4199268
4199283
4199294
4199305
4200656
4199907
4200150
4199920
4200151
4200331
4200243
4200545
4200617
4200640
4204875
4204885
4204558
4204887
4204902
4204942
4204648
4204956
4204998
4204966
4205027
4205051
4205060
4205065
4205132
4205148
4205170
4205182
4205185
4205218
4205232
4205281
4205344
4205352
6295640
4198908
4198783
4205309
4198848
4198903
4198891
4204660
4199232
4199426
4199450
4199466
4199473
4199491
4199557
4199581
4199597
4199604
4199622
4199761
4204251
4200635
4200748
4199853
4200113
4200127
4200141
4199827
4199818
4199873
4199868
4199906
4203496
4203331
4200530
4203963
4203760
4203712
4202690
4202514
4201138
4204447
4203916
4204328
4202929
4199953
4199949
4200505
4200342
4200312
4200255
4199640
4204626
4204633
4204721
4204624
4204813
4198592
4204830
4204811
4198576
4205128
4205105
4205091
4205193
6295632
4198544
4199485
4203458
4202474
4199616
4202536
4199702
4199676
4199710
4200035
4199970
4204742
4204737
5242904
5242896
4205121
4199683
4200099
4200040
4199975
4200326
4200324
4198560
4199776
4204113
4203643
5242888
4200073
4198624
4200086
4200071
4200006
4200019
4200004
5242920
4200734
4200758
4200763
4200712
4200726
4200797
4198640
4200812
4204516
4204540
4204535
5242928
4204711
4205318
4205287
6295648
4205200
4205217
4205205
4205166
4205156
4205164
4198674
4199158
4199154
4198687
4204759
4201015
4201067
4201049
4200095
4200097
4204859
4204854
4201143
4201101
4204117
4204132
4204142
4200974
4204163
4204219
4201006
4204199
4204495
4200775
4204277
4204284
4204338
4204395
4204405
4204465
4204351
4204486
4204490
4204373
4204355
4204264
4204360
4201168
4201184
4201277
4198608
4201209
4201312
4203103
5242912
4203689
4203263
4201343
4201365
4203181
4203232
4203315
4203148
4203142
4201434
4201441
4201499
4199854
4202374
4201709
4201742
4202393
4202563
4201528
4201544
4201840
4201913
4202136
4201944
4201616
4201671
4202147
4202100
4202419
4199378
4202631
4202638
4202720
4201979
4201990
4202169
4202111
4202738
4202872
4202884
4202959
4202048
4202090
4202244
4202977
4202183
4202255
4202206
4202302
4202312
4203011
4202856
4203025
4202776
4202615
4202790
4199509
4202554
4202401
4203376
4203387
4203405
4203403
4203859
4203429
4203441
4203942
4203876
4203370
4203658
4203691
4204024
4203794
4203817
4203838
4204105
4203807
4203333
4202257
4202223
4202280
4202305
4202234
4202317
4202297
4202989
4202999
4202750
4202760
4202149
4202115
4202160
4202126
4202164
4202008
4201994
4202019
4202006
4202026
4202041
4201968
4202057
4202038
4202023
4201566
4201553
4201582
4201564
4201594
4201609
4201517
4201632
4201606
4201591
4201773
4201759
4201797
4201771
4201817
4201833
4201703
4201830
4201814
4201382
4201369
4201394
4201380
4201401
4201419
4201327
4201686
4201416
4201398
4205296
4204687
4204650
4204716
4200280
4200296
4200310
4200263
4200409
4200448
4200480
4200509
4200474
4200503
4200352
4199748
4199694
4199592
4199585
4199552
4199461
4199454
4199421
4198432
4198543
4198555
4198571
4198587
4198603
4198619
4198635
4198651
4198700
4198750
4198751
4198793
4198857
4198921
4205223
4205333
4198785
4198850
4198917
4198448
4198464
4198480
4198496
4198512
4198528
4198445
4198463
4198479
4198495
4198511
4198527
6295656
0
0
0
0
0
0
0
0
0
0
0
0
0
0
0
0
0
0
0
0
0
0
0
0
0
0
0
0
0
0
0
0
0
0
0
0
0
0
0
0
0
0
0
0
0
0
0
0
0
0
0
0
0
0
0
0
0
0
0
0
0
0
0
0
0