0 1
1 75 5 77
2 3 4
3 76
4 79 3
5 6 7
6 7
7 58 202
8 9 10
9 80
10 9 81
11 12 13
12 82
13 12 83
14 15 16
15 84 85
16
17 11
18 19 20 21 22
19 151 395
20 214 215
21 216 239
22 384 385
23
24
25
26 27 28
27 32 30 36 28 34
28
29 27 30
30
31 27 32
32
33 27 34
34 203 204
35 27 36
36
37 38 39
38 86
39 38 87
40
41
42
43
44 45
45 183 180
46 47 48
47 117 118 119 120 121 122 123
48 124 125
49 50 51
50 126 127
51 128 129
52 53 54
53 100 130
54 44 45
55 56 57
56
57 134
58 59 57
59 202
60 61
61 382 37
62 63 64
63
64 139
65
66 67 68
67 140
68 141 142
69 66 70
70 199 200
71 72 73
72
73 66 143
74
75 2 76
76 193 194
77
78
79
80
81 144
82 193 380
83 144
84 8 80
85 145 84
86 381 382
87 38 86
88 79 89
89 400 401
90 91 92
91 79 146
92 147 148
93 79 94
94 397 398
95 96 97
96 79 149
97 150
98 99 100 101
99 237
100 188
101 181 182
102 103 104 105
103 104 168
104 105 168
105 117 118 119 120 121 122 123
106 107
107 102 106
108 109
109 108 110
110 111 112 113 114 115 116
111 49 170
112 248
113 169 170
114 315
115 318 319
116 115 259
117 300
118 150 303
119 216
120 234
121 315
122 236
123 297
124 154 155
125 124
126 391
127 394
128 166
129 387 18
130 152 161
131 132 133
132 60 61
133 156 157
134 131 134
135 136 137
136 158
137 212 213
138 135 138
139 159
140 143 70
141 67 160
142 141
143 72 196
144
145 144
146 92
147 111 259
148 46 118
149 97
150 216 304
151 152
152 98 161
153 79 19 18
154 162 163
155 162 164
156 59 56
157 167
158 137
159
160 140
161 396 153
162 103 168
163 175
164 178
165 113
166 165 166
167 171
168 107
169 216
170 316 317
171
172 173 174
173 179
174 210
175 172 175
176 173 177
177 210
178 176 178
179 174 177
180 101 130
181 183
182 225 185
183 180 184
184 180
185 186 187
186 191
187 219 207
188 189 190
189 192
190 167
191 187
192 383 61
193 195
194 380 17
195 5
196 197 198
197
198 196
199
200 201
201 199 201
202 205 206
203
204 203
205
206 138
207 208 209
208 79 20 18
209 208
210 211 210
211 105
212 205
213 167
214 79 21 18
215 46 119
216 217 218
217 219
218 220 221
219 207 222
220 223 224
221 130 99
222 207
223 224
224 225
225 185 188
226 227 228
227 46 122
228 79 232
229 230 231
230 46 120
231 79 233
232 227 236
233 230 234
234 235
235 220 229
236 237
237 226 238
238 235
239 240 241
240 242 243
241 244 245
242 246
243 322
244 376
245 255
246 247 248 243
247 116
248 306
249 79 250
250 370 371
251 252 253
252 242 248
253 112 259
254 255
255 251 254
256 257 258
257 260
258 357
259 109
260 263 264
261 79 262
262 361 362
263 305
264 301
265 79 266
266 351 352
267 260
268 269 270
269 273 274
270 347
271 272
272 260
273 282
274 79 283
275 148 276
276 402
277 278 279
278 46 117
279 79 284
280 79 281
281 341 342
282 290
283 336 337
284 334 278
285 286 287
286 46 123
287 79 291
288 289
289 260
290 292 293
291 332 286
292 79 294
293 295
294 325 326
295 328
296 260
297 298
298 285 299
299 245
300 301
301 277 302
302 298
303 399
304 305
305 216 275
306 307 308
307 309 310
308 79 311
309 312
310 313 314
311 312 307
312 147 276
313 114 259
314 46 121
315 306
316 242 247
317 116 259
318 322
319 323
320 79 321
321 323
322 49 169
323 320 324
324 315
325 79 327
326 328 329
327 331 326
328 296 330
329 290
330 260
331 329
332 79 333
333 297 286
334 79 335
335 300 278
336 79 338
337 282 339
338 340 337
339 269
340 339
341 79 343
342 344 345
343 342 350
344 346
345 347
346 288 348
347 280 349
348 289
349 346
350 345
351 79 353
352 354 355
353 352 360
354 356
355 357
356 271 358
357 265 359
358 272
359 356
360 355
361 79 363
362 364 365
363 362 369
364 366
365 367
366 267 268
367 261 368
368 366
369 365
370 79 372
371 373 374
372 371 379
373 375
374 376
375 256 377
376 249 378
377 367
378 375
379 374
380 79 82
381 52 192
382 79 86 37
383 131
384 386
385 386
386 387 128
387 79 22
388 389 390
389 391 392
390 392 393
391 113 259
392 394
393 391
394 79 388
395 396
396 151 153
397 399
398 397
399 93 95
400 402
401 400
402 88 90
403 144
404 145
405 167
406 139
407 136
408 242
409 173
410 186
411 5
412 0
413
414 8
415 11
416 14
417 17
418 75
419 77
420 9
421 12
422 16
423 403
424 403
425 403
426 403
427 403
428 403
429 423
430 424
431 425
432 426
433 427
434 428
435
