1 100
42 68
2 43
3 500
43 500
67 500
17 49
11 500
12 500
49 500
66 500
68 500
5 93
6 7
7 500
21 92
20 22
53 500
28 54
29 500
54 500
32 64
34 500
59 500
65 500
64 500
69 500
70 500
25 26
26 500
72 500
25 26
26 500
71 500
73 500
69 500
70 500
25 26
26 500
72 500
25 26
26 500
71 500
73 500
69 500
70 500
25 26
26 500
72 500
25 26
26 500
71 500
73 500
69 500
70 500
25 26
26 500
72 500
25 26
26 500
71 500
73 500
69 500
70 500
25 26
26 500
72 500
25 26
26 500
71 500
73 500
69 500
70 500
25 26
26 500
72 500
25 26
26 500
71 500
73 500
69 500
70 500
25 26
26 500
72 500
25 26
26 500
71 500
73 500
69 500
70 500
25 26
26 500
72 500
25 26
26 500
71 500
73 500
69 500
70 500
25 26
26 500
72 500
25 26
26 500
71 500
73 500
69 500
70 500
25 26
26 500
72 500
25 26
26 500
71 500
73 500
69 500
70 500
25 26
26 500
72 500
25 26
26 500
71 500
73 500
69 500
70 500
25 26
26 500
72 500
25 26
26 500
71 500
73 500
69 500
70 500
25 26
26 500
72 500
25 26
26 500
71 500
73 500
69 500
70 500
25 26
26 500
72 500
25 26
26 500
71 500
73 500
69 500
70 500
25 26
26 500
72 500
25 26
26 500
71 500
73 500
69 500
70 500
25 26
26 500
72 500
25 26
26 500
71 500
73 500
69 500
70 500
25 26
26 500
72 500
25 26
26 500
71 500
73 500
69 500
70 500
25 26
26 500
72 500
25 26
26 500
71 500
73 500
69 500
70 500
25 26
26 500
72 500
25 26
26 500
71 500
73 500
69 500
70 500
25 26
26 500
72 500
25 26
26 500
71 500
73 500
69 500
70 500
25 26
26 500
72 500
25 26
26 500
71 500
73 500
69 500
70 500
25 26
26 500
72 500
25 26
26 500
71 500
73 500
69 500
70 500
25 26
26 500
72 500
25 26
26 500
71 500
73 500
69 500
70 500
25 26
26 500
72 500
25 26
26 500
71 500
73 500
69 500
70 500
25 26
26 500
72 500
25 26
26 500
71 500
73 500
69 500
70 500
25 26
26 500
72 500
25 26
26 500
71 500
73 500
69 500
70 500
25 26
26 500
72 500
25 26
26 500
71 500
73 500
69 500
70 500
25 26
26 500
72 500
25 26
26 500
71 500
73 500
69 500
70 500
25 26
26 500
72 500
25 26
26 500
71 500
73 500
69 500
70 500
25 26
26 500
72 500
25 26
26 500
71 500
73 500
69 500
70 500
25 26
26 500
72 500
25 26
26 500
71 500
73 500
69 500
70 500
25 26
26 500
72 500
25 26
26 500
71 500
73 500
69 500
70 500
25 26
26 500
72 500
25 26
26 500
71 500
73 500
69 500
70 500
25 26
26 500
72 500
25 26
26 500
71 500
73 500
69 500
70 500
25 26
26 500
72 500
25 26
26 500
71 500
74 500
78 500
77 500
81 500
78 500
79 500
82 500
75 500
76 500
80 500
84 500
78 500
77 500
81 500
78 500
77 500
81 500
78 500
79 500
82 500
78 500
79 500
82 500
75 500
76 500
80 500
84 500
78 500
77 500
81 500
78 500
79 500
82 500
78 500
77 500
81 500
78 500
77 500
81 500
78 500
79 500
82 500
78 500
79 500
82 500
78 500
79 500
82 500
75 500
76 500
80 500
84 500
78 500
77 500
81 500
78 500
77 500
81 500
78 500
79 500
82 500
78 500
79 500
82 500
78 500
79 500
82 500
78 500
79 500
82 500
75 500
76 500
80 500
84 500
78 500
77 500
81 500
78 500
77 500
81 500
78 500
79 500
82 500
78 500
77 500
81 500
78 500
79 500
82 500
78 500
79 500
82 500
78 500
79 500
82 500
78 500
79 500
82 500
78 500
79 500
82 500
75 500
76 500
80 500
83 500
40 41
41 500
85 500
55 500
22 500
92 500
23 24
24 500
93 500
500 500
500 500
500 500
500 500
500 500
500 500
500 500
500 500
500 500
500 500
500 500
500 500
500 500
500 500
500 500
500 500
500 500
500 500
500 500
500 500
500 500
500 500
500 500
500 500
500 500
500 500
500 500
500 500
500 500
500 500
500 500
500 500
500 500
500 500
500 500
500 500
500 500
500 500
500 500
500 500
500 500
500 500
500 500
500 500
500 500
500 500