1 5242880 4198590
1 4199424 6295648
1 4198400 4199473
0 4198422 0
2 4199473 0
0 4199479 0
1 4198768 4199501
0 4198640 0
0 4198696 0
2 4199501 0
0 4199510 0
2 6295648 0
1 4198496 6295656
1 4199045 4198509
2 4198509 0
1 4199062 4198514
1 4198777 4199077
0 4198809 0
1 4199143 4198832
0 4199185 0
2 4198832 0
1 4199238 4198842
0 4199252 0
0 4199278 0
0 4199308 0
2 4198842 0
0 4198861 0
0 4198863 0
1 4199091 4198881
2 4198881 0
0 4198876 0
1 4199091 4198881
2 4198881 0
0 4198900 0
0 4198848 0
0 4198861 0
0 4198863 0
1 4199091 4198881
2 4198881 0
0 4198876 0
1 4199091 4198881
2 4198881 0
0 4198900 0
0 4198848 0
0 4198861 0
0 4198863 0
1 4199091 4198881
2 4198881 0
0 4198876 0
1 4199091 4198881
2 4198881 0
0 4198900 0
0 4198848 0
0 4198861 0
0 4198863 0
1 4199091 4198881
2 4198881 0
0 4198876 0
1 4199091 4198881
2 4198881 0
0 4198900 0
0 4198848 0
0 4198861 0
0 4198863 0
1 4199091 4198881
2 4198881 0
0 4198876 0
1 4199091 4198881
2 4198881 0
0 4198900 0
0 4198848 0
0 4198861 0
0 4198863 0
1 4199091 4198881
2 4198881 0
0 4198876 0
1 4199091 4198881
2 4198881 0
0 4198900 0
0 4198848 0
0 4198861 0
0 4198863 0
1 4199091 4198881
2 4198881 0
0 4198876 0
1 4199091 4198881
2 4198881 0
0 4198900 0
0 4198848 0
0 4198861 0
0 4198863 0
1 4199091 4198881
2 4198881 0
0 4198876 0
1 4199091 4198881
2 4198881 0
0 4198900 0
0 4198848 0
0 4198861 0
0 4198863 0
1 4199091 4198881
2 4198881 0
0 4198876 0
1 4199091 4198881
2 4198881 0
0 4198900 0
0 4198848 0
0 4198861 0
0 4198863 0
1 4199091 4198881
2 4198881 0
0 4198876 0
1 4199091 4198881
2 4198881 0
0 4198900 0
0 4198848 0
0 4198861 0
0 4198863 0
1 4199091 4198881
2 4198881 0
0 4198876 0
1 4199091 4198881
2 4198881 0
0 4198900 0
0 4198848 0
0 4198861 0
0 4198863 0
1 4199091 4198881
2 4198881 0
0 4198876 0
1 4199091 4198881
2 4198881 0
0 4198900 0
0 4198848 0
0 4198861 0
0 4198863 0
1 4199091 4198881
2 4198881 0
0 4198876 0
1 4199091 4198881
2 4198881 0
0 4198900 0
0 4198848 0
0 4198861 0
0 4198863 0
1 4199091 4198881
2 4198881 0
0 4198876 0
1 4199091 4198881
2 4198881 0
0 4198900 0
0 4198848 0
0 4198861 0
0 4198863 0
1 4199091 4198881
2 4198881 0
0 4198876 0
1 4199091 4198881
2 4198881 0
0 4198900 0
0 4198848 0
0 4198861 0
0 4198863 0
1 4199091 4198881
2 4198881 0
0 4198876 0
1 4199091 4198881
2 4198881 0
0 4198900 0
0 4198848 0
0 4198861 0
0 4198863 0
1 4199091 4198881
2 4198881 0
0 4198876 0
1 4199091 4198881
2 4198881 0
0 4198900 0
0 4198848 0
0 4198861 0
0 4198863 0
1 4199091 4198881
2 4198881 0
0 4198876 0
1 4199091 4198881
2 4198881 0
0 4198900 0
0 4198848 0
0 4198861 0
0 4198863 0
1 4199091 4198881
2 4198881 0
0 4198876 0
1 4199091 4198881
2 4198881 0
0 4198900 0
0 4198848 0
0 4198861 0
0 4198863 0
1 4199091 4198881
2 4198881 0
0 4198876 0
1 4199091 4198881
2 4198881 0
0 4198900 0
0 4198848 0
0 4198861 0
0 4198863 0
1 4199091 4198881
2 4198881 0
0 4198876 0
1 4199091 4198881
2 4198881 0
0 4198900 0
0 4198848 0
0 4198861 0
0 4198863 0
1 4199091 4198881
2 4198881 0
0 4198876 0
1 4199091 4198881
2 4198881 0
0 4198900 0
0 4198848 0
0 4198861 0
0 4198863 0
1 4199091 4198881
2 4198881 0
0 4198876 0
1 4199091 4198881
2 4198881 0
0 4198900 0
0 4198848 0
0 4198861 0
0 4198863 0
1 4199091 4198881
2 4198881 0
0 4198876 0
1 4199091 4198881
2 4198881 0
0 4198900 0
0 4198848 0
0 4198861 0
0 4198863 0
1 4199091 4198881
2 4198881 0
0 4198876 0
1 4199091 4198881
2 4198881 0
0 4198900 0
0 4198848 0
0 4198861 0
0 4198863 0
1 4199091 4198881
2 4198881 0
0 4198876 0
1 4199091 4198881
2 4198881 0
0 4198900 0
0 4198848 0
0 4198861 0
0 4198863 0
1 4199091 4198881
2 4198881 0
0 4198876 0
1 4199091 4198881
2 4198881 0
0 4198900 0
0 4198848 0
0 4198861 0
0 4198863 0
1 4199091 4198881
2 4198881 0
0 4198876 0
1 4199091 4198881
2 4198881 0
0 4198900 0
0 4198848 0
0 4198861 0
0 4198863 0
1 4199091 4198881
2 4198881 0
0 4198876 0
1 4199091 4198881
2 4198881 0
0 4198900 0
0 4198848 0
0 4198861 0
0 4198863 0
1 4199091 4198881
2 4198881 0
0 4198876 0
1 4199091 4198881
2 4198881 0
0 4198900 0
0 4198848 0
0 4198861 0
0 4198863 0
1 4199091 4198881
2 4198881 0
0 4198876 0
1 4199091 4198881
2 4198881 0
0 4198900 0
0 4198848 0
0 4198861 0
0 4198863 0
1 4199091 4198881
2 4198881 0
0 4198876 0
1 4199091 4198881
2 4198881 0
0 4198900 0
0 4198848 0
0 4198861 0
0 4198863 0
1 4199091 4198881
2 4198881 0
0 4198876 0
1 4199091 4198881
2 4198881 0
0 4198900 0
0 4198848 0
0 4198861 0
0 4198863 0
1 4199091 4198881
2 4198881 0
0 4198876 0
1 4199091 4198881
2 4198881 0
0 4198900 0
0 4198848 0
0 4198861 0
0 4198863 0
1 4199091 4198881
2 4198881 0
0 4198876 0
1 4199091 4198881
2 4198881 0
0 4198900 0
0 4198920 0
0 4198961 0
0 4198974 0
0 4198946 0
0 4198961 0
0 4198969 0
0 4198948 0
0 4199036 0
0 4199041 0
0 4198986 0
0 4198943 0
0 4198961 0
0 4198974 0
0 4198946 0
0 4198961 0
0 4198974 0
0 4198946 0
0 4198961 0
0 4198969 0
0 4198948 0
0 4198961 0
0 4198969 0
0 4198948 0
0 4199036 0
0 4199041 0
0 4198986 0
0 4198943 0
0 4198961 0
0 4198974 0
0 4198946 0
0 4198961 0
0 4198969 0
0 4198948 0
0 4198961 0
0 4198974 0
0 4198946 0
0 4198961 0
0 4198974 0
0 4198946 0
0 4198961 0
0 4198969 0
0 4198948 0
0 4198961 0
0 4198969 0
0 4198948 0
0 4198961 0
0 4198969 0
0 4198948 0
0 4199036 0
0 4199041 0
0 4198986 0
0 4198943 0
0 4198961 0
0 4198974 0
0 4198946 0
0 4198961 0
0 4198974 0
0 4198946 0
0 4198961 0
0 4198969 0
0 4198948 0
0 4198961 0
0 4198969 0
0 4198948 0
0 4198961 0
0 4198969 0
0 4198948 0
0 4198961 0
0 4198969 0
0 4198948 0
0 4199036 0
0 4199041 0
0 4198986 0
0 4198943 0
0 4198961 0
0 4198974 0
0 4198946 0
0 4198961 0
0 4198974 0
0 4198946 0
0 4198961 0
0 4198969 0
0 4198948 0
0 4198961 0
0 4198974 0
0 4198946 0
0 4198961 0
0 4198969 0
0 4198948 0
0 4198961 0
0 4198969 0
0 4198948 0
0 4198961 0
0 4198969 0
0 4198948 0
0 4198961 0
0 4198969 0
0 4198948 0
0 4198961 0
0 4198969 0
0 4198948 0
0 4199036 0
0 4199041 0
0 4198986 0
0 4198997 0
1 4199405 4199008
2 4199008 0
0 4198798 0
0 4199013 0
2 4199077 0
2 4198514 0
1 4199079 4198527
2 4198527 0
2 6295656 0
3 0 0
3 0 0
3 0 0
3 0 0
3 0 0
3 0 0
3 0 0
3 0 0
3 0 0
3 0 0
3 0 0
3 0 0
3 0 0
3 0 0
3 0 0
3 0 0
3 0 0
3 0 0
3 0 0
3 0 0
3 0 0
3 0 0
3 0 0
3 0 0
3 0 0
3 0 0
3 0 0
3 0 0
3 0 0
3 0 0
3 0 0
3 0 0
3 0 0
3 0 0
3 0 0
3 0 0
3 0 0
3 0 0
3 0 0
3 0 0
3 0 0
3 0 0
3 0 0
3 0 0
3 0 0
3 0 0