4198544
5242880
4198400
4198422
4198420
4198496
4199045
4198509
4198592
4198632
4198611
4198640
4198696
4198676
4198704
4198717
4198760
4198768
4199050
4199060
4198777
4199062
4199077
4199079
4198527
4199091
4198881
4199129
4199143
4199185
4199153
4199214
4199238
4199247
4199252
4199319
4199335
4199357
4199369
4199372
4199405
4199008
4199424
4199473
4199536
4199544
6295640
4198748
4198623
4199501
4198688
4198743
4198731
4198809
4198832
4199013
4198480
4199315
4199292
4199278
4199380
6295632
4198464
5242888
4198842
4199308
4199510
4199479
6295648
4198861
4198863
4198900
4198876
4198848
4198920
4199036
4199041
4198974
4198961
4198969
4198986
4198946
4198948
4198997
4198943
4198798
4199387
4199404
4199392
4199353
4199343
4199351
4198514
6295656
4199488
4198432
4198463
4198475
4198491
4198540
4198590
4198591
4198633
4198697
4198761
4199410
4199525
4198625
4198690
4198757
4198448
4198445
0
0
0
0
0
0
0
0
0
0
0
0
0
0
0
0
0
0
0
0
0
0
0
0
0
0
0
0
0
0
0
0
0
0
0
0
0
0
0
0
0
0
0
0
0
0
0
0
0
0
0
0
0
0
0
0
0
0
0
0
0
0
0
0
0
0
0
0
0
0
0
0
0
0
0
0
0
0
0
0
0
0
0
0
0
0
0
0
0
0
0
0
0
0
0
0
0
0
0
0
0
0
0
0
0
0
0
0
0
0
0
0
0
0
0
0
0
0
0
0
0
0
0
0
0
0
0
0
0
0
0
0
0
0
0
0
0
0
0
0
0
0
0
0
0
0
0
0
0
0
0
0
0
0
0
0
0
0
0
0
0
0
0
0
0
0
0
0
0
0
0
0
0
0
0
0
0
0
0
0
0
0
0
0
0
0
0
0
0
0
0
0
0
0
0
0
0
0
0
0
0
0
0
0
0
0
0
0
0
0
0
0
0
0
0
0
0
0
0
0
0
0
0
0
0
0
0
0
0
0
0
0
0
0
0
0
0
0
0
0
0
0
0
0
0
0
0
0
0
0
0
0
0
0
0
0
0
0
0
0
0
0
0
0
0
0
0
0
0
0
0
0
0
0
0
0
0
0
0
0
0
0
0
0
0
0
0
0
0
0
0
0
0
0
0
0
0
0
0
0
0
0
0
0
0
0
0
0
0
0
0
0
0
0
0
0
0
0
0
0
0
0
0
0
0
0
0
0
0
0
0
0
0
0
0
0
0
0
0
0
0
0
0
0
0
0
0
0
0
0
0
0
0
0
0
0
0
0
0
0
0
0
0
0
0
0
0
0
0
0
0
0
0
0
0
0
0
0
0
0
0
0
0
0
0
0
0
0
0