0 1
1 42 5 44
2 3 4
3 43
4 46 3
5 6 7
6 7
7 21 92
8 9 10
9 47
10 9 48
11 12 13
12 49
13 12 50
14 15 16
15 51 52
16
17 11
18 19 20
19
20 85 53
21 22 20
22 92
23 24
24 93
25 26
26 71 72
27
28 29 30
29 54
30 56
31
32 33 34
33 57
34 58 59
35 32 36
36 89 90
37 38 39
38
39 32 60
40 41
41 85
42 2 43
43 66 67
44
45
46
47
48 61
49 66 94
50 61
51 8 47
52 62 51
53 28 54
54 32 64
55 19 22
56 63
57 64 60 36
58 33 65
59 58 65
60 38 86
61
62 61
63
64 73 69
65 57 64
66 68
67 94 17
68 5
69 69 70
70 72 25
71 73 74
72 25 26
73 69
74 84 78
75 76 77
76 80
77 80 81
78 79 77
79 77 82
80 83 84
81 82 78
82 75 78
83 40 41
84 81 78
85 53 55
86 87 88
87
88 86
89
90 91
91 89 91
92 23 24
93
94 46 49
95 61
96 62
97 56
98 5
99 0
100
101 8
102 11
103 14
104 17
105 42
106 44
107 9
108 12
109 16
110 95
111 110
