256
335712256
3072
4101
4391936
24576
16384
16945171
769
262
8421894
6145
1030
67143686
536903810
12294
0
1025
0
0
12290
0
16390
0
771
135
775
2179
788
24579
0
4293639
0
1540
0
16908808
12292
33824772
0
389
0
403
1285
4115
16781317
1555
0
0
0
0
137
17408020
137
4227334
8687622
521
33785859
8487945
263
268541971
12295
0
147
136
537100554
1157
16916490
17418
4104
4116
18440
395
0
137
0
135
4105
67338763
537165962
1035
271
10257
3082
4472839
2066
4618
537231876
0
396
10248
33923081
10249
12299
537264269
4409862307852
134447373
4104
8757256
18442
2060
16397
8204
398
12302
67485710
134513163
3085
143
12295
8205
783
0
4719116
1114578063372
1038
134611983
2574
6159
134678543
10251
4621
268862223
4690445
2062
24591
144
4112
2320
1548
784
13148176
2064
272
5136
537395345
2065
268960017
1553
268960785
50937873
12305
268828942
151465082894
402
530
805830801
537429010
537428370
6162
16402
268665101
24594
8651027
4106
2067
269091074
4096
134481940
537493652
0
8211
0
1044
1300
8790024
0
1158
137
265
2060
16390
4096
128
0
129
1025
8193
258
2053
8197
257
2049
130
16404
16404
16406
151
0
0
0
0
0
0
0
0
0
0
0
0
0
0
0
0
0
0
0
0
0
0
0
0
0
0
0
0
0
0
0
0
0
0
0
0
0
0
0
0
0
0
0
0
0
0
0
0
0
0
0
0
0
0
0
0
0
0
0
0
0
0
0
0
0
0
0
0
0
0
0
0
0
0
0
0
0
0
0
0
0
0
0
0
0
0
0
0
0
0
0
0
0
0
0
0
0
0
0
0
0
0
0
0
0
0
0
0
0
0
0
0
0
0
0
0
0
0
0
0
0
0
0
0
0
0
0
0
0
0
0
0
0
0
0
0
0
0
0
0
0
0
0
0
0
0
0
0
0
0
0
0
0
0
0
0
0
0
0
0
0
0
0
0
0
0
0
0
0
0
0
0
0
0
0
0
0
0
0
0
0
0
0
0
0
0
0
0
0
0
0
0
0
0
0
0
0
0
0
0
0
0
0
0
0
0
0
0
0
0
0
0
0
0
0
0
0
0
0
0
0
0
0
0
0
0
0
0
0
0
0
0
0
0
0
0
0
0
0
0
0
0
0
0
0
0
0
0
0
0
0
0
0
0
0
0
0
0
0
0
0
0
0
0
0
0
0
0
0
0
0
0
0
0
0
0
0
0
0
0
0
0
0
0
0
0
0
0
0
0
0
0
0
0
0
0
0
0
0
0
0
0
0
0
0
0
0
0
0
0
0
0
0