1 173
44 156
2 45
3 500
45 500
155 500
17 51
11 500
12 500
51 500
154 500
156 500
5 165
6 7
7 500
42 157
41 43
153 500
85 500
82 500
83 84
63 500
64 500
81 500
142 500
92 500
94 500
104 500
92 500
93 500
103 500
117 500
124 500
126 500
133 500
131 500
132 500
129 500
130 500
134 500
136 500
137 500
138 500
139 500
143 500
144 500
146 500
147 500
144 500
146 500
147 500
145 500
135 500
140 500
142 500
119 500
94 500
104 500
119 500
94 500
103 500
118 500
124 500
126 500
133 500
131 500
132 500
129 500
130 500
137 500
138 500
134 500
136 500
137 500
138 500
139 500
147 500
144 500
146 500
143 500
144 500
146 500
147 500
145 500
135 500
140 500
142 500
92 500
94 500
103 500
117 500
124 500
127 500
129 500
130 500
137 500
138 500
139 500
147 500
144 500
146 500
147 500
144 500
146 500
143 500
145 500
136 500
134 500
135 500
140 500
141 500
113 500
123 500
116 500
116 500
114 500
115 500
101 500
102 500
113 500
101 500
102 500
112 500
98 500
84 500
148 500
149 500
151 500
150 500
105 62
90 500
78 500
80 500
121 500
122 500
109 500
110 500
121 500
121 500
122 500
109 500
110 500
121 500
121 500
122 500
106 500
107 500
120 500
109 500
110 500
121 500
121 500
122 500
109 500
110 500
121 500
121 500
122 500
109 500
110 500
121 500
121 500
122 500
106 500
107 500
120 500
109 500
110 500
121 500
121 500
122 500
109 500
110 500
121 500
121 500
122 500
109 500
110 500
121 500
121 500
122 500
106 500
108 500
62 500
152 500
65 500
43 500
157 500
164 69
70 500
71 500
89 500
70 500
71 500
88 500
97 500
70 500
71 500
89 500
70 500
71 500
88 500
97 500
70 500
71 500
89 500
70 500
71 500
88 500
96 500
69 500
165 500
500 500
500 500
500 500
500 500
500 500
500 500
500 500
500 500
500 500
500 500
500 500
500 500
500 500
500 500
500 500
500 500
500 500
500 500
500 500
500 500
500 500
500 500
500 500
500 500
500 500
500 500
500 500
500 500
500 500
500 500
500 500
500 500
500 500
500 500
500 500
500 500
500 500
500 500
500 500
500 500
500 500
500 500
500 500
500 500
500 500
500 500
500 500
500 500
500 500
500 500
500 500
500 500
500 500
500 500
500 500
500 500
500 500
500 500
500 500
500 500
500 500
500 500
500 500
500 500
500 500
500 500
500 500
500 500
500 500
500 500
500 500
500 500
500 500
500 500
500 500
500 500
500 500
500 500
500 500
500 500
500 500
500 500
500 500
500 500
500 500
500 500
500 500
500 500
500 500
500 500
500 500
500 500
500 500
500 500
500 500
500 500
500 500
500 500
500 500
500 500
500 500
500 500
500 500
500 500
500 500
500 500
500 500
500 500
500 500
500 500
500 500
500 500
500 500
500 500
500 500
500 500
500 500
500 500
500 500
500 500
500 500
500 500
500 500
500 500
500 500
500 500
500 500
500 500
500 500
500 500
500 500
500 500
500 500
500 500
500 500
500 500
500 500
500 500
500 500
500 500
500 500
500 500
500 500
500 500
500 500
500 500
500 500
500 500
500 500
500 500
500 500
500 500
500 500
500 500
500 500
500 500
500 500
500 500
500 500
500 500
500 500
500 500
500 500
500 500
500 500
500 500
500 500
500 500
500 500
500 500
500 500
500 500
500 500
500 500
500 500
500 500
500 500
500 500
500 500
500 500
500 500
500 500
500 500
500 500
500 500
500 500
500 500
500 500
500 500
500 500
500 500
500 500
500 500
500 500
500 500
500 500
500 500
500 500
500 500
500 500
500 500
500 500
500 500
500 500
500 500
500 500
500 500
500 500
500 500
500 500
500 500
500 500
500 500
500 500
500 500
500 500
500 500
500 500
500 500
500 500
500 500
500 500
500 500
500 500
500 500
500 500
500 500
500 500
500 500
500 500
500 500
500 500
500 500
500 500
500 500
500 500
500 500
500 500
500 500
500 500
500 500
500 500
500 500
500 500
500 500
500 500
500 500
500 500
500 500
500 500
500 500
500 500
500 500
500 500
500 500
500 500
500 500
500 500
500 500
500 500
500 500
500 500
500 500
500 500
500 500
500 500
500 500
500 500
500 500
500 500
500 500
500 500
500 500
500 500
500 500
500 500
500 500
500 500
500 500
500 500
500 500
500 500
500 500
500 500
500 500
500 500
500 500
500 500