1 5242880 4198622
1 4200352 6295648
1 4198400 4200401
0 4198422 0
2 4200401 0
0 4200407 0
1 4198800 4200429
0 4198672 0
0 4198728 0
2 4200429 0
0 4200438 0
2 6295648 0
1 4198528 6295656
1 4200308 4198541
2 4198541 0
1 4200325 4198546
1 4199944 4200340
0 4199965 0
0 4199988 0
0 4199990 0
1 4199286 4200003
0 4199326 0
0 4199322 0
0 4199335 0
0 4199403 0
0 4199430 0
0 4199435 0
0 4199409 0
0 4199430 0
0 4199441 0
0 4199448 0
0 4199482 0
0 4199505 0
0 4199510 0
0 4199553 0
0 4199587 0
0 4199593 0
0 4199599 0
0 4199629 0
0 4199750 0
0 4199643 0
0 4199647 0
0 4199657 0
0 4199659 0
0 4199718 0
0 4199732 0
0 4199677 0
0 4199681 0
0 4199732 0
0 4199677 0
0 4199681 0
0 4199737 0
0 4199762 0
0 4199390 0
0 4199403 0
0 4199427 0
0 4199435 0
0 4199409 0
0 4199427 0
0 4199435 0
0 4199448 0
0 4199478 0
0 4199505 0
0 4199510 0
0 4199553 0
0 4199587 0
0 4199593 0
0 4199599 0
0 4199629 0
0 4199647 0
0 4199657 0
0 4199750 0
0 4199643 0
0 4199647 0
0 4199657 0
0 4199659 0
0 4199681 0
0 4199732 0
0 4199677 0
0 4199718 0
0 4199732 0
0 4199677 0
0 4199681 0
0 4199737 0
0 4199762 0
0 4199390 0
0 4199403 0
0 4199430 0
0 4199435 0
0 4199448 0
0 4199482 0
0 4199505 0
0 4199589 0
0 4199599 0
0 4199629 0
0 4199647 0
0 4199657 0
0 4199659 0
0 4199681 0
0 4199732 0
0 4199677 0
0 4199681 0
0 4199732 0
0 4199677 0
0 4199718 0
0 4199737 0
0 4199643 0
0 4199750 0
0 4199762 0
0 4199390 0
0 4199795 0
0 4199813 0
0 4199822 0
0 4199854 0
0 4199854 0
0 4199882 0
0 4199816 0
0 4199884 0
0 4199809 0
0 4199813 0
0 4199884 0
0 4199809 0
0 4199892 0
0 4199926 0
2 4200003 0
0 4200030 0
0 4200032 0
0 4200043 0
0 4200045 0
1 4199128 4200060
0 4199150 0
0 4199163 0
0 4199203 0
0 4199204 0
0 4199231 0
0 4199248 0
0 4199227 0
0 4199204 0
0 4199204 0
0 4199231 0
0 4199248 0
0 4199227 0
0 4199204 0
0 4199204 0
0 4199231 0
0 4199255 0
0 4199271 0
0 4199244 0
0 4199248 0
0 4199227 0
0 4199204 0
0 4199204 0
0 4199231 0
0 4199248 0
0 4199227 0
0 4199204 0
0 4199204 0
0 4199231 0
0 4199248 0
0 4199227 0
0 4199204 0
0 4199204 0
0 4199231 0
0 4199255 0
0 4199271 0
0 4199244 0
0 4199248 0
0 4199227 0
0 4199204 0
0 4199204 0
0 4199231 0
0 4199248 0
0 4199227 0
0 4199204 0
0 4199204 0
0 4199231 0
0 4199248 0
0 4199227 0
0 4199204 0
0 4199204 0
0 4199231 0
0 4199255 0
0 4199282 0
2 4200060 0
0 4199960 0
0 4200062 0
2 4200340 0
2 4198546 0
1 4200144 4198559
0 4200222 0
0 4200247 0
0 4200199 0
0 4200222 0
0 4200247 0
0 4200258 0
0 4200194 0
0 4200222 0
0 4200247 0
0 4200199 0
0 4200222 0
0 4200247 0
0 4200258 0
0 4200194 0
0 4200222 0
0 4200247 0
0 4200199 0
0 4200222 0
0 4200247 0
0 4200258 0
0 4200268 0
2 4198559 0
2 6295656 0
3 0 0
3 0 0
3 0 0
3 0 0
3 0 0
3 0 0
3 0 0
3 0 0
3 0 0
3 0 0
3 0 0
3 0 0
3 0 0
3 0 0
3 0 0
3 0 0
3 0 0
3 0 0
3 0 0
3 0 0
3 0 0
3 0 0
3 0 0
3 0 0
3 0 0
3 0 0
3 0 0
3 0 0
3 0 0
3 0 0
3 0 0
3 0 0
3 0 0
3 0 0
3 0 0
3 0 0
3 0 0
3 0 0
3 0 0
3 0 0
3 0 0
3 0 0
3 0 0
3 0 0
3 0 0
3 0 0
3 0 0
3 0 0
3 0 0
3 0 0
3 0 0
3 0 0
3 0 0
3 0 0
3 0 0
3 0 0
3 0 0
3 0 0
3 0 0
3 0 0
3 0 0
3 0 0
3 0 0
3 0 0
3 0 0
3 0 0
3 0 0
3 0 0
3 0 0
3 0 0
3 0 0
3 0 0
3 0 0
3 0 0
3 0 0
3 0 0
3 0 0
3 0 0
3 0 0
3 0 0
3 0 0
3 0 0
3 0 0
3 0 0
3 0 0
3 0 0
3 0 0
3 0 0
3 0 0
3 0 0
3 0 0
3 0 0
3 0 0
3 0 0
3 0 0
3 0 0
3 0 0
3 0 0
3 0 0
3 0 0
3 0 0
3 0 0
3 0 0
3 0 0
3 0 0
3 0 0
3 0 0
3 0 0
3 0 0
3 0 0
3 0 0
3 0 0
3 0 0
3 0 0
3 0 0
3 0 0
3 0 0
3 0 0
3 0 0
3 0 0
3 0 0
3 0 0
3 0 0
3 0 0
3 0 0
3 0 0
3 0 0
3 0 0
3 0 0
3 0 0
3 0 0
3 0 0
3 0 0
3 0 0
3 0 0
3 0 0
3 0 0
3 0 0
3 0 0
3 0 0
3 0 0
3 0 0
3 0 0
3 0 0
3 0 0
3 0 0
3 0 0
3 0 0
3 0 0
3 0 0
3 0 0
3 0 0
3 0 0
3 0 0
3 0 0
3 0 0
3 0 0
3 0 0
3 0 0
3 0 0
3 0 0
3 0 0
3 0 0
3 0 0
3 0 0
3 0 0
3 0 0
3 0 0
3 0 0
3 0 0
3 0 0
3 0 0
3 0 0
3 0 0
3 0 0
3 0 0
3 0 0
3 0 0
3 0 0
3 0 0
3 0 0
3 0 0
3 0 0
3 0 0
3 0 0
3 0 0
3 0 0
3 0 0
3 0 0
3 0 0
3 0 0
3 0 0
3 0 0
3 0 0
3 0 0
3 0 0
3 0 0
3 0 0
3 0 0
3 0 0
3 0 0
3 0 0
3 0 0
3 0 0
3 0 0
3 0 0
3 0 0
3 0 0
3 0 0
3 0 0
3 0 0
3 0 0
3 0 0
3 0 0
3 0 0
3 0 0
3 0 0
3 0 0
3 0 0
3 0 0
3 0 0
3 0 0
3 0 0
3 0 0
3 0 0
3 0 0
3 0 0
3 0 0
3 0 0
3 0 0
3 0 0
3 0 0
3 0 0
3 0 0
3 0 0
3 0 0
3 0 0
3 0 0
3 0 0
3 0 0
3 0 0
3 0 0
3 0 0
3 0 0
3 0 0
3 0 0
3 0 0
3 0 0
3 0 0
3 0 0
3 0 0
3 0 0
3 0 0
3 0 0
3 0 0
3 0 0
3 0 0
3 0 0
3 0 0
3 0 0
3 0 0
3 0 0
3 0 0
3 0 0
3 0 0
3 0 0
3 0 0
3 0 0
3 0 0
3 0 0
3 0 0
3 0 0
3 0 0
3 0 0
3 0 0
3 0 0
3 0 0
3 0 0
3 0 0
3 0 0
3 0 0
3 0 0
3 0 0
3 0 0
3 0 0
3 0 0
3 0 0
3 0 0