4198576
5242880
4198400
4198422
4198420
4198528
4200308
4198541
4198624
4198664
4198643
4198672
4198728
4198708
4198736
4198749
4198792
4198800
4198809
4198847
4198861
4198903
4198871
4198932
4198956
4198965
4198970
4199037
4199053
4199075
4199087
4199090
4199123
4200069
4200101
4200083
4200107
4200127
4200143
4200313
4200323
4199944
4200325
4200340
4200352
4200401
4200464
4200472
6295640
4198780
4198655
4200429
4198720
4198775
4198763
4198512
4199033
4199010
4198996
4199098
4199200
4200100
4200060
4199326
4199322
4200062
4200087
4200135
4200305
4198559
4200222
4200247
6295632
4198480
5242896
4199026
4199187
4199145
4199163
4199172
4199203
4199335
4199990
4199286
4200003
4199988
4200091
4200141
4200258
4200199
4199150
4199159
4199430
4199441
4199435
4200095
4200268
4200194
4199926
4199921
4198496
4199884
4199809
4199448
4199409
4199128
4199255
4199271
4199282
4199248
4199227
5242888
4199892
4199813
4199882
4199816
4199854
4199482
4199478
4199427
4199244
4199204
4199231
4199822
4199505
4199487
4199510
4199589
4199902
4199599
4199629
4199587
4199593
4199553
4199750
4199762
4199643
4199647
4199657
4199659
4199390
4199795
4199403
4199718
4199732
4199737
4199677
4199681
4200030
4200032
4200045
4200043
4199960
4199965
4200438
4200407
6295648
4198546
4199105
4199122
4199110
4199071
4199061
4199069
4200144
6295656
4200416
4198432
4198479
4198491
4198507
4198523
4198572
4198622
4198623
4198665
4198729
4198793
4200342
4200453
4198657
4198722
4198789
4198448
4198464
4198445
4198463
0
0
0
0
0
0
0
0
0
0
0
0
0
0
0
0
0
0
0
0
0
0
0
0
0
0
0
0
0
0
0
0
0
0
0
0
0
0
0
0
0
0
0
0
0
0
0
0
0
0
0
0
0
0
0
0
0
0
0
0
0
0
0
0
0
0
0
0
0
0
0
0
0
0
0
0
0
0
0
0
0
0
0
0
0
0
0
0
0
0
0
0
0
0
0
0
0
0
0
0
0
0
0
0
0
0
0
0
0
0
0
0
0
0
0
0
0
0
0
0
0
0
0
0
0
0
0
0
0
0
0
0
0
0
0
0
0
0
0
0
0
0
0
0
0
0
0
0
0
0
0
0
0
0
0
0
0
0
0
0
0
0
0
0
0
0
0
0
0
0
0
0
0
0
0
0
0
0
0
0
0
0
0
0
0
0
0
0
0
0
0
0
0
0
0
0
0
0
0
0
0
0
0
0
0
0
0
0
0
0
0
0
0
0
0
0
0
0
0
0
0
0
0
0
0
0
0
0
0
0
0
0
0
0
0
0
0
0
0
0
0
0
0
0
0
0
0
0
0
0
0
0
0
0
0
0
0
0
0
0
0
0
0
0
0
0
0
0
0
0
0
0
0
0
0
0
0
0
0
0
0
0
0
0
0
0
0
0
0
0
0
0
0
0
0
0
0
0
0
0
0
0
0
0
0
0
0
0
0
0
0
0
0
0