1 101
40 85
2 41
3 1500
41 1500
84 1500
17 47
11 1500
12 1500
47 1500
83 1500
85 1500
5 93
6 7
7 1500
36 86
35 37
58 1500
60 59
66 1500
70 1500
71 1500
72 1500
57 1500
56 1500
57 1500
66 1500
67 1500
69 1500
73 1500
57 1500
56 1500
57 1500
66 1500
67 1500
68 1500
67 1500
69 1500
74 1500
76 1500
70 1500
71 1500
72 1500
57 1500
56 1500
57 1500
66 1500
67 1500
69 1500
73 1500
57 1500
56 1500
57 1500
66 1500
67 1500
68 1500
67 1500
69 1500
74 1500
76 1500
67 1500
69 1500
73 1500
57 1500
56 1500
57 1500
66 1500
67 1500
68 1500
67 1500
69 1500
74 1500
76 1500
70 1500
71 1500
72 1500
57 1500
56 1500
57 1500
66 1500
67 1500
69 1500
73 1500
57 1500
56 1500
57 1500
66 1500
67 1500
68 1500
67 1500
69 1500
74 1500
76 1500
70 1500
72 1500
57 1500
56 1500
57 1500
66 1500
67 1500
69 1500
73 1500
57 1500
56 1500
57 1500
66 1500
67 1500
68 1500
67 1500
69 1500
74 1500
76 1500
67 1500
69 1500
73 1500
57 1500
56 1500
57 1500
66 1500
67 1500
68 1500
67 1500
69 1500
74 1500
76 1500
70 1500
72 1500
57 1500
56 1500
57 1500
66 1500
67 1500
69 1500
73 1500
57 1500
56 1500
57 1500
66 1500
67 1500
68 1500
67 1500
69 1500
74 1500
76 1500
70 1500
72 1500
57 1500
56 1500
57 1500
66 1500
67 1500
69 1500
73 1500
57 1500
56 1500
57 1500
66 1500
67 1500
68 1500
67 1500
69 1500
74 1500
76 1500
67 1500
69 1500
73 1500
57 1500
56 1500
57 1500
66 1500
67 1500
68 1500
67 1500
69 1500
74 1500
76 1500
70 1500
72 1500
57 1500
56 1500
57 1500
66 1500
67 1500
69 1500
73 1500
57 1500
56 1500
57 1500
66 1500
67 1500
68 1500
67 1500
69 1500
74 1500
76 1500
67 1500
69 1500
73 1500
57 1500
56 1500
57 1500
66 1500
67 1500
68 1500
67 1500
69 1500
74 1500
76 1500
67 1500
69 1500
73 1500
57 1500
56 1500
57 1500
66 1500
67 1500
68 1500
67 1500
69 1500
74 1500
76 1500
70 1500
72 1500
57 1500
56 1500
57 1500
66 1500
67 1500
69 1500
73 1500
57 1500
56 1500
57 1500
66 1500
67 1500
68 1500
67 1500
69 1500
74 1500
76 1500
70 1500
72 1500
57 1500
56 1500
57 1500
66 1500
67 1500
69 1500
73 1500
57 1500
56 1500
57 1500
66 1500
67 1500
68 1500
67 1500
69 1500
74 1500
76 1500
67 1500
69 1500
73 1500
57 1500
56 1500
57 1500
66 1500
67 1500
68 1500
67 1500
69 1500
74 1500
76 1500
67 1500
69 1500
73 1500
57 1500
56 1500
57 1500
66 1500
67 1500
68 1500
67 1500
69 1500
74 1500
76 1500
70 1500
72 1500
57 1500
56 1500
57 1500
66 1500
67 1500
69 1500
73 1500
57 1500
56 1500
57 1500
66 1500
67 1500
68 1500
67 1500
69 1500
74 1500
76 1500
67 1500
69 1500
73 1500
57 1500
56 1500
57 1500
66 1500
67 1500
68 1500
67 1500
69 1500
74 1500
76 1500
70 1500
72 1500
57 1500
56 1500
57 1500
66 1500
67 1500
69 1500
73 1500
57 1500
56 1500
57 1500
66 1500
67 1500
68 1500
67 1500
69 1500
74 1500
76 1500
70 1500
72 1500
57 1500
56 1500
57 1500
66 1500
67 1500
69 1500
73 1500
57 1500
56 1500
57 1500
66 1500
67 1500
68 1500
67 1500
69 1500
74 1500
76 1500
67 1500
69 1500
73 1500
57 1500
56 1500
57 1500
66 1500
67 1500
68 1500
67 1500
69 1500
74 1500
76 1500
70 1500
72 1500
57 1500
56 1500
57 1500
66 1500
67 1500
69 1500
73 1500
57 1500
56 1500
57 1500
66 1500
67 1500
68 1500
67 1500
69 1500
74 1500
76 1500
67 1500
69 1500
73 1500
57 1500
56 1500
57 1500
66 1500
67 1500
68 1500
67 1500
69 1500
74 1500
76 1500
67 1500
69 1500
73 1500
57 1500
56 1500
57 1500
66 1500
67 1500
68 1500
67 1500
69 1500
74 1500
76 1500
70 1500
72 1500
57 1500
56 1500
57 1500
66 1500
67 1500
69 1500
73 1500
57 1500
56 1500
57 1500
66 1500
67 1500
68 1500
67 1500
69 1500
74 1500
76 1500
67 1500
69 1500
73 1500
57 1500
56 1500
57 1500
66 1500
67 1500
68 1500
67 1500
69 1500
74 1500
76 1500
67 1500
69 1500
73 1500
57 1500
56 1500
57 1500
66 1500
67 1500
68 1500
67 1500
69 1500
74 1500
76 1500
70 1500
72 1500
57 1500
56 1500
57 1500
66 1500
67 1500
69 1500
73 1500
57 1500
56 1500
57 1500
66 1500
67 1500
68 1500
67 1500
69 1500
74 1500
76 1500
70 1500
72 1500
57 1500
56 1500
57 1500
66 1500
67 1500
69 1500
73 1500
57 1500
56 1500
57 1500
66 1500
67 1500
68 1500
67 1500
69 1500
74 1500
76 1500
67 1500
69 1500
73 1500
57 1500
56 1500
57 1500
66 1500
67 1500
68 1500
67 1500
69 1500
74 1500
76 1500
67 1500
69 1500
73 1500
57 1500
56 1500
57 1500
66 1500
67 1500
68 1500
67 1500
69 1500
74 1500
76 1500
70 1500
72 1500
57 1500
56 1500
57 1500
66 1500
67 1500
69 1500
73 1500
57 1500
56 1500
57 1500
66 1500
67 1500
68 1500
67 1500
69 1500
74 1500
76 1500
67 1500
69 1500
73 1500
57 1500
56 1500
57 1500
66 1500
67 1500
68 1500
67 1500
69 1500
74 1500
76 1500
70 1500
72 1500
57 1500
56 1500
57 1500
66 1500
67 1500
69 1500
73 1500
57 1500
56 1500
57 1500
66 1500
67 1500
68 1500
67 1500
69 1500
74 1500
76 1500
67 1500
69 1500
74 1500
76 1500
70 1500
72 1500
57 1500
56 1500
57 1500
66 1500
67 1500
69 1500
73 1500
57 1500
56 1500
57 1500
66 1500
67 1500
68 1500
67 1500
69 1500
74 1500
76 1500
67 1500
69 1500
73 1500
57 1500
56 1500
57 1500
66 1500
67 1500
68 1500
67 1500
69 1500
74 1500
76 1500
67 1500
69 1500
73 1500
57 1500
56 1500
57 1500
66 1500
67 1500
68 1500
67 1500
69 1500
74 1500
76 1500
70 1500
72 1500
57 1500
56 1500
57 1500
66 1500
67 1500
69 1500
73 1500
57 1500
56 1500
57 1500
66 1500
67 1500
68 1500
67 1500
69 1500
74 1500
76 1500
67 1500
69 1500
73 1500
57 1500
56 1500
57 1500
66 1500
67 1500
68 1500
67 1500
69 1500
74 1500
76 1500
70 1500
72 1500
57 1500
56 1500
57 1500
66 1500
67 1500
69 1500
73 1500
57 1500
56 1500
57 1500
66 1500
67 1500
68 1500
67 1500
69 1500
74 1500
76 1500
67 1500
69 1500
73 1500
57 1500
56 1500
57 1500
66 1500
67 1500
68 1500
67 1500
69 1500
74 1500
76 1500
67 1500
69 1500
73 1500
57 1500
56 1500
57 1500
66 1500
67 1500
68 1500
67 1500
69 1500
74 1500
76 1500
70 1500
72 1500
57 1500
56 1500
57 1500
66 1500
67 1500
69 1500
73 1500
57 1500
56 1500
57 1500
66 1500
67 1500
68 1500
67 1500
69 1500
74 1500
76 1500
67 1500
69 1500
73 1500
57 1500
56 1500
57 1500
66 1500
67 1500
68 1500
67 1500
69 1500
74 1500
76 1500
67 1500
69 1500
73 1500
57 1500
56 1500
57 1500
66 1500
67 1500
68 1500
67 1500
69 1500
74 1500
76 1500
67 1500
69 1500
73 1500
57 1500
56 1500
57 1500
66 1500
67 1500
68 1500
67 1500
69 1500
74 1500
76 1500
70 1500
72 1500
57 1500
56 1500
57 1500
66 1500
67 1500
69 1500
73 1500
57 1500
56 1500
57 1500
66 1500
67 1500
68 1500
67 1500
69 1500
74 1500
76 1500
67 1500
69 1500
73 1500
57 1500
56 1500
57 1500
66 1500
67 1500
68 1500
67 1500
69 1500
74 1500
76 1500
70 1500
72 1500
57 1500
56 1500
57 1500
66 1500
67 1500
69 1500
73 1500
57 1500
56 1500
57 1500
66 1500
67 1500
68 1500
67 1500
69 1500
74 1500
76 1500
67 1500
69 1500
74 1500
76 1500
70 1500
72 1500
57 1500
56 1500
57 1500
66 1500
67 1500
69 1500
73 1500
57 1500
56 1500
57 1500
66 1500
67 1500
68 1500
67 1500
69 1500
74 1500
76 1500
67 1500
69 1500
73 1500
57 1500
56 1500
57 1500
66 1500
67 1500
68 1500
67 1500
69 1500
74 1500
76 1500
70 1500
72 1500
57 1500
56 1500
57 1500
66 1500
67 1500
69 1500
73 1500
57 1500
56 1500
57 1500
66 1500
67 1500
68 1500
67 1500
69 1500
74 1500
76 1500
67 1500
69 1500
74 1500
76 1500
70 1500
72 1500
57 1500
56 1500
57 1500
66 1500
67 1500
69 1500
73 1500
57 1500
56 1500
57 1500
66 1500
67 1500
68 1500
67 1500
69 1500
74 1500
76 1500
67 1500
69 1500
73 1500
57 1500
56 1500
57 1500
66 1500
67 1500
68 1500
67 1500
69 1500
74 1500
76 1500
70 1500
72 1500
57 1500
56 1500
57 1500
66 1500
67 1500
69 1500
73 1500
57 1500
56 1500
57 1500
66 1500
67 1500
68 1500
67 1500
69 1500
74 1500
76 1500
67 1500
69 1500
73 1500
57 1500
56 1500
57 1500
66 1500
67 1500
68 1500
67 1500
69 1500
74 1500
76 1500
67 1500
69 1500
73 1500
57 1500
56 1500
57 1500
66 1500
67 1500
68 1500
67 1500
69 1500
74 1500
76 1500
67 1500
69 1500
73 1500
57 1500
56 1500
57 1500
66 1500
67 1500
68 1500
67 1500
69 1500
74 1500
76 1500
67 1500
69 1500
73 1500
57 1500
56 1500
57 1500
66 1500
67 1500
68 1500
67 1500
69 1500
74 1500
76 1500
67 1500
69 1500
73 1500
57 1500
56 1500
57 1500
66 1500
67 1500
68 1500
67 1500
69 1500
74 1500
76 1500
67 1500
69 1500
73 1500
57 1500
56 1500
57 1500
66 1500
67 1500
68 1500
67 1500
69 1500
74 1500
76 1500
67 1500
68 1500
67 1500
69 1500
74 1500
75 1500
77 1500
78 1500
59 1500
82 1500
61 1500
37 1500
86 1500
38 39
39 1500
93 1500
1500 1500
1500 1500
1500 1500
1500 1500
1500 1500
1500 1500
1500 1500
1500 1500
1500 1500
1500 1500
1500 1500
1500 1500
1500 1500
1500 1500
1500 1500
1500 1500
1500 1500
1500 1500
1500 1500
1500 1500
1500 1500
1500 1500
1500 1500
1500 1500
1500 1500
1500 1500
1500 1500
1500 1500
1500 1500
1500 1500
1500 1500
1500 1500
1500 1500
1500 1500
1500 1500
1500 1500
1500 1500
1500 1500
1500 1500
1500 1500
1500 1500
1500 1500
1500 1500
1500 1500
1500 1500
1500 1500
1500 1500
1500 1500
1500 1500
1500 1500
1500 1500
1500 1500
1500 1500
1500 1500
1500 1500
1500 1500
1500 1500
1500 1500
1500 1500
1500 1500
1500 1500
1500 1500
1500 1500
1500 1500
1500 1500
1500 1500
1500 1500
1500 1500
1500 1500
1500 1500
1500 1500
1500 1500
1500 1500
1500 1500
1500 1500
1500 1500
1500 1500
1500 1500
1500 1500
1500 1500
1500 1500
1500 1500
1500 1500
1500 1500
1500 1500
1500 1500
1500 1500
1500 1500
1500 1500
1500 1500
1500 1500
1500 1500
1500 1500
1500 1500
1500 1500
1500 1500
1500 1500
1500 1500
1500 1500
1500 1500
1500 1500
1500 1500
1500 1500
1500 1500
1500 1500
1500 1500
1500 1500
1500 1500
1500 1500
1500 1500
1500 1500
1500 1500
1500 1500
1500 1500
1500 1500
1500 1500
1500 1500
1500 1500
1500 1500
1500 1500
1500 1500
1500 1500
1500 1500
1500 1500
1500 1500
1500 1500
1500 1500
1500 1500
1500 1500
1500 1500
1500 1500
1500 1500
1500 1500
1500 1500
1500 1500
1500 1500
1500 1500
1500 1500
1500 1500
1500 1500
1500 1500
1500 1500
1500 1500
1500 1500
1500 1500
1500 1500
1500 1500
1500 1500
1500 1500
1500 1500
1500 1500
1500 1500
1500 1500
1500 1500
1500 1500
1500 1500
1500 1500
1500 1500
1500 1500
1500 1500
1500 1500
1500 1500
1500 1500
1500 1500
1500 1500
1500 1500
1500 1500
1500 1500
1500 1500
1500 1500
1500 1500
1500 1500
1500 1500
1500 1500
1500 1500
1500 1500
1500 1500
1500 1500
1500 1500
1500 1500
1500 1500
1500 1500
1500 1500
1500 1500
1500 1500
1500 1500
1500 1500
1500 1500
1500 1500
1500 1500
1500 1500
1500 1500
1500 1500
1500 1500
1500 1500
1500 1500
1500 1500
1500 1500
1500 1500
1500 1500
1500 1500
1500 1500
1500 1500
1500 1500
1500 1500
1500 1500
1500 1500
1500 1500
1500 1500
1500 1500
1500 1500
1500 1500
1500 1500
1500 1500
1500 1500
1500 1500
1500 1500
1500 1500
1500 1500
1500 1500
1500 1500
1500 1500
1500 1500
1500 1500
1500 1500
1500 1500
1500 1500
1500 1500
1500 1500
1500 1500
1500 1500
1500 1500
1500 1500
1500 1500
1500 1500
1500 1500
1500 1500
1500 1500
1500 1500
1500 1500
1500 1500
1500 1500
1500 1500
1500 1500
1500 1500
1500 1500
1500 1500
1500 1500
1500 1500
1500 1500
1500 1500
1500 1500
1500 1500
1500 1500
1500 1500
1500 1500
1500 1500
1500 1500
1500 1500
1500 1500
1500 1500
1500 1500
1500 1500
1500 1500
1500 1500
1500 1500
1500 1500
1500 1500
1500 1500
1500 1500
1500 1500
1500 1500
1500 1500
1500 1500
1500 1500
1500 1500
1500 1500
1500 1500
1500 1500
1500 1500
1500 1500
1500 1500
1500 1500
1500 1500
1500 1500
1500 1500
1500 1500
1500 1500
1500 1500
1500 1500
1500 1500
1500 1500
1500 1500
1500 1500
1500 1500
1500 1500
1500 1500
1500 1500
1500 1500
1500 1500
1500 1500
1500 1500
1500 1500
1500 1500
1500 1500
1500 1500
1500 1500
1500 1500
1500 1500
1500 1500
1500 1500
1500 1500
1500 1500
1500 1500
1500 1500
1500 1500
1500 1500
1500 1500
1500 1500
1500 1500
1500 1500
1500 1500
1500 1500
1500 1500
1500 1500
1500 1500
1500 1500
1500 1500
1500 1500
1500 1500
1500 1500
1500 1500
1500 1500
1500 1500
1500 1500
1500 1500
1500 1500
1500 1500
1500 1500
1500 1500
1500 1500
1500 1500
1500 1500
1500 1500
1500 1500
1500 1500
1500 1500
1500 1500
1500 1500
1500 1500
1500 1500
1500 1500
1500 1500
1500 1500
1500 1500
1500 1500
1500 1500
1500 1500
1500 1500
1500 1500
1500 1500
1500 1500
1500 1500
1500 1500
1500 1500
1500 1500
1500 1500
1500 1500
1500 1500
1500 1500
1500 1500
1500 1500
1500 1500
1500 1500
1500 1500
1500 1500
1500 1500
1500 1500
1500 1500
1500 1500
1500 1500
1500 1500
1500 1500
1500 1500
1500 1500
1500 1500
1500 1500
1500 1500
1500 1500
1500 1500
1500 1500
1500 1500
1500 1500
1500 1500
1500 1500
1500 1500
1500 1500
1500 1500
1500 1500
1500 1500
1500 1500
1500 1500
1500 1500
1500 1500
1500 1500
1500 1500
1500 1500
1500 1500
1500 1500
1500 1500
1500 1500
1500 1500
1500 1500
1500 1500
1500 1500
1500 1500
1500 1500
1500 1500
1500 1500
1500 1500
1500 1500
1500 1500
1500 1500
1500 1500
1500 1500
1500 1500
1500 1500
1500 1500
1500 1500
1500 1500
1500 1500
1500 1500
1500 1500
1500 1500
1500 1500
1500 1500
1500 1500
1500 1500
1500 1500
1500 1500
1500 1500
1500 1500
1500 1500
1500 1500
1500 1500
1500 1500
1500 1500
1500 1500
1500 1500
1500 1500
1500 1500
1500 1500
1500 1500
1500 1500
1500 1500
1500 1500
1500 1500
1500 1500
1500 1500
1500 1500
1500 1500
1500 1500
1500 1500
1500 1500
1500 1500
1500 1500
1500 1500
1500 1500
1500 1500
1500 1500
1500 1500
1500 1500
1500 1500
1500 1500
1500 1500
1500 1500
1500 1500
1500 1500
1500 1500
1500 1500
1500 1500
1500 1500
1500 1500
1500 1500
1500 1500
1500 1500
1500 1500
1500 1500
1500 1500
1500 1500
1500 1500
1500 1500
1500 1500
1500 1500
1500 1500
1500 1500
1500 1500
1500 1500
1500 1500
1500 1500
1500 1500
1500 1500
1500 1500
1500 1500
1500 1500
1500 1500
1500 1500
1500 1500
1500 1500
1500 1500
1500 1500
1500 1500
1500 1500
1500 1500
1500 1500
1500 1500
1500 1500
1500 1500
1500 1500
1500 1500
1500 1500
1500 1500
1500 1500
1500 1500
1500 1500
1500 1500
1500 1500
1500 1500
1500 1500
1500 1500
1500 1500
1500 1500
1500 1500
1500 1500
1500 1500
1500 1500
1500 1500
1500 1500
1500 1500
1500 1500
1500 1500
1500 1500
1500 1500
1500 1500
1500 1500
1500 1500
1500 1500
1500 1500
1500 1500
1500 1500
1500 1500
1500 1500
1500 1500
1500 1500
1500 1500
1500 1500
1500 1500
1500 1500
1500 1500
1500 1500
1500 1500
1500 1500
1500 1500
1500 1500
1500 1500
1500 1500
1500 1500
1500 1500
1500 1500
1500 1500
1500 1500
1500 1500
1500 1500
1500 1500
1500 1500
1500 1500
1500 1500
1500 1500
1500 1500
1500 1500
1500 1500
1500 1500
1500 1500
1500 1500
1500 1500
1500 1500
1500 1500
1500 1500
1500 1500
1500 1500
1500 1500
1500 1500
1500 1500
1500 1500
1500 1500
1500 1500
1500 1500
1500 1500
1500 1500
1500 1500
1500 1500
1500 1500
1500 1500
1500 1500
1500 1500
1500 1500
1500 1500
1500 1500
1500 1500
1500 1500
1500 1500
1500 1500
1500 1500
1500 1500
1500 1500
1500 1500
1500 1500
1500 1500
1500 1500
1500 1500
1500 1500
1500 1500
1500 1500
1500 1500
1500 1500
1500 1500
1500 1500
1500 1500
1500 1500
1500 1500
1500 1500
1500 1500
1500 1500
1500 1500
1500 1500
1500 1500
1500 1500
1500 1500
1500 1500
1500 1500
1500 1500
1500 1500
1500 1500
1500 1500
1500 1500
1500 1500
1500 1500
1500 1500
1500 1500
1500 1500
1500 1500
1500 1500
1500 1500
1500 1500
1500 1500
1500 1500
1500 1500
1500 1500
1500 1500
1500 1500
1500 1500
1500 1500
1500 1500
1500 1500
1500 1500
1500 1500
1500 1500
1500 1500
1500 1500
1500 1500
1500 1500
1500 1500
1500 1500
1500 1500
1500 1500
1500 1500
1500 1500
1500 1500
1500 1500
1500 1500
1500 1500
1500 1500
1500 1500
1500 1500
1500 1500
1500 1500
1500 1500
1500 1500
1500 1500
1500 1500
1500 1500
1500 1500
1500 1500
1500 1500
1500 1500
1500 1500
1500 1500
1500 1500
1500 1500
1500 1500
1500 1500
1500 1500
1500 1500
1500 1500
1500 1500
1500 1500
1500 1500
1500 1500
1500 1500
1500 1500
1500 1500
1500 1500
1500 1500
1500 1500
1500 1500
1500 1500
1500 1500
1500 1500
1500 1500
1500 1500
1500 1500
1500 1500
1500 1500
1500 1500
1500 1500
1500 1500
1500 1500
1500 1500
1500 1500
1500 1500
1500 1500
1500 1500
1500 1500
1500 1500
1500 1500
1500 1500
1500 1500
1500 1500
1500 1500
1500 1500
1500 1500
1500 1500
1500 1500
1500 1500
1500 1500
1500 1500
1500 1500
1500 1500
1500 1500
1500 1500
1500 1500
1500 1500
1500 1500
1500 1500
1500 1500
1500 1500
1500 1500
1500 1500
1500 1500
1500 1500
1500 1500
1500 1500
1500 1500
1500 1500
1500 1500
1500 1500
1500 1500
1500 1500
1500 1500
1500 1500
1500 1500
1500 1500
1500 1500
1500 1500
1500 1500
1500 1500
1500 1500
1500 1500
1500 1500
1500 1500
1500 1500
1500 1500
1500 1500
1500 1500
1500 1500
1500 1500
1500 1500
1500 1500
1500 1500
1500 1500
1500 1500
1500 1500
1500 1500
1500 1500
1500 1500
1500 1500
1500 1500
1500 1500
1500 1500
1500 1500
1500 1500
1500 1500
1500 1500
1500 1500
1500 1500
1500 1500
1500 1500
1500 1500
1500 1500
1500 1500
1500 1500
1500 1500
1500 1500
1500 1500
1500 1500
1500 1500
1500 1500
1500 1500
1500 1500
1500 1500
1500 1500
1500 1500
1500 1500
1500 1500
1500 1500
1500 1500
1500 1500
1500 1500
1500 1500
1500 1500
1500 1500
1500 1500
1500 1500
1500 1500
1500 1500
1500 1500
1500 1500
1500 1500
1500 1500
1500 1500
1500 1500
1500 1500
1500 1500
1500 1500
1500 1500
1500 1500
1500 1500
1500 1500
1500 1500
1500 1500
1500 1500
1500 1500
1500 1500
1500 1500
1500 1500
1500 1500
1500 1500
1500 1500
1500 1500
1500 1500
1500 1500
1500 1500
1500 1500
1500 1500
1500 1500
1500 1500
1500 1500
1500 1500
1500 1500
1500 1500
1500 1500
1500 1500
1500 1500
1500 1500
1500 1500
1500 1500
1500 1500
1500 1500
1500 1500
1500 1500
1500 1500
1500 1500
1500 1500
1500 1500
1500 1500
1500 1500
1500 1500
1500 1500
1500 1500
1500 1500
1500 1500
1500 1500
1500 1500
1500 1500
1500 1500
1500 1500
1500 1500
1500 1500
1500 1500
1500 1500
1500 1500
1500 1500
1500 1500
1500 1500
1500 1500
1500 1500
1500 1500
1500 1500
1500 1500
1500 1500
1500 1500
1500 1500
1500 1500
1500 1500
1500 1500
1500 1500
1500 1500
1500 1500
1500 1500
1500 1500
1500 1500
1500 1500
1500 1500
1500 1500
1500 1500
1500 1500
1500 1500
1500 1500
1500 1500
1500 1500
1500 1500
1500 1500
1500 1500
1500 1500
1500 1500
1500 1500
1500 1500
1500 1500
1500 1500
1500 1500
1500 1500
1500 1500
1500 1500
1500 1500
1500 1500
1500 1500
1500 1500
1500 1500
1500 1500
1500 1500
1500 1500
1500 1500
1500 1500
1500 1500
1500 1500
1500 1500
1500 1500
1500 1500
1500 1500
1500 1500
1500 1500
1500 1500
1500 1500
1500 1500
1500 1500
1500 1500
1500 1500
1500 1500
1500 1500
1500 1500
1500 1500
1500 1500
1500 1500
1500 1500
1500 1500
1500 1500
1500 1500
1500 1500
1500 1500
1500 1500
1500 1500
1500 1500
1500 1500
1500 1500
1500 1500
1500 1500
1500 1500
1500 1500