1 5242880 4198622
1 4199392 6295648
1 4198400 4199441
0 4198422 0
2 4199441 0
0 4199447 0
1 4198800 4199469
0 4198672 0
0 4198728 0
2 4199469 0
0 4199478 0
2 6295648 0
1 4198528 6295656
1 4199367 4198541
2 4198541 0
1 4199350 4198546
1 4199310 4199365
0 4199323 0
1 4199128 4199332
0 4199201 0
0 4199219 0
0 4199224 0
0 4199274 0
0 4199188 0
0 4199197 0
0 4199188 0
0 4199201 0
0 4199243 0
0 4199259 0
0 4199277 0
0 4199188 0
0 4199197 0
0 4199188 0
0 4199201 0
0 4199243 0
0 4199251 0
0 4199243 0
0 4199259 0
0 4199261 0
0 4199210 0
0 4199219 0
0 4199224 0
0 4199274 0
0 4199188 0
0 4199197 0
0 4199188 0
0 4199201 0
0 4199243 0
0 4199259 0
0 4199277 0
0 4199188 0
0 4199197 0
0 4199188 0
0 4199201 0
0 4199243 0
0 4199251 0
0 4199243 0
0 4199259 0
0 4199261 0
0 4199210 0
0 4199243 0
0 4199259 0
0 4199277 0
0 4199188 0
0 4199197 0
0 4199188 0
0 4199201 0
0 4199243 0
0 4199251 0
0 4199243 0
0 4199259 0
0 4199261 0
0 4199210 0
0 4199219 0
0 4199224 0
0 4199274 0
0 4199188 0
0 4199197 0
0 4199188 0
0 4199201 0
0 4199243 0
0 4199259 0
0 4199277 0
0 4199188 0
0 4199197 0
0 4199188 0
0 4199201 0
0 4199243 0
0 4199251 0
0 4199243 0
0 4199259 0
0 4199261 0
0 4199210 0
0 4199219 0
0 4199274 0
0 4199188 0
0 4199197 0
0 4199188 0
0 4199201 0
0 4199243 0
0 4199259 0
0 4199277 0
0 4199188 0
0 4199197 0
0 4199188 0
0 4199201 0
0 4199243 0
0 4199251 0
0 4199243 0
0 4199259 0
0 4199261 0
0 4199210 0
0 4199243 0
0 4199259 0
0 4199277 0
0 4199188 0
0 4199197 0
0 4199188 0
0 4199201 0
0 4199243 0
0 4199251 0
0 4199243 0
0 4199259 0
0 4199261 0
0 4199210 0
0 4199219 0
0 4199274 0
0 4199188 0
0 4199197 0
0 4199188 0
0 4199201 0
0 4199243 0
0 4199259 0
0 4199277 0
0 4199188 0
0 4199197 0
0 4199188 0
0 4199201 0
0 4199243 0
0 4199251 0
0 4199243 0
0 4199259 0
0 4199261 0
0 4199210 0
0 4199219 0
0 4199274 0
0 4199188 0
0 4199197 0
0 4199188 0
0 4199201 0
0 4199243 0
0 4199259 0
0 4199277 0
0 4199188 0
0 4199197 0
0 4199188 0
0 4199201 0
0 4199243 0
0 4199251 0
0 4199243 0
0 4199259 0
0 4199261 0
0 4199210 0
0 4199243 0
0 4199259 0
0 4199277 0
0 4199188 0
0 4199197 0
0 4199188 0
0 4199201 0
0 4199243 0
0 4199251 0
0 4199243 0
0 4199259 0
0 4199261 0
0 4199210 0
0 4199219 0
0 4199274 0
0 4199188 0
0 4199197 0
0 4199188 0
0 4199201 0
0 4199243 0
0 4199259 0
0 4199277 0
0 4199188 0
0 4199197 0
0 4199188 0
0 4199201 0
0 4199243 0
0 4199251 0
0 4199243 0
0 4199259 0
0 4199261 0
0 4199210 0
0 4199243 0
0 4199259 0
0 4199277 0
0 4199188 0
0 4199197 0
0 4199188 0
0 4199201 0
0 4199243 0
0 4199251 0
0 4199243 0
0 4199259 0
0 4199261 0
0 4199210 0
0 4199243 0
0 4199259 0
0 4199277 0
0 4199188 0
0 4199197 0
0 4199188 0
0 4199201 0
0 4199243 0
0 4199251 0
0 4199243 0
0 4199259 0
0 4199261 0
0 4199210 0
0 4199219 0
0 4199274 0
0 4199188 0
0 4199197 0
0 4199188 0
0 4199201 0
0 4199243 0
0 4199259 0
0 4199277 0
0 4199188 0
0 4199197 0
0 4199188 0
0 4199201 0
0 4199243 0
0 4199251 0
0 4199243 0
0 4199259 0
0 4199261 0
0 4199210 0
0 4199219 0
0 4199274 0
0 4199188 0
0 4199197 0
0 4199188 0
0 4199201 0
0 4199243 0
0 4199259 0
0 4199277 0
0 4199188 0
0 4199197 0
0 4199188 0
0 4199201 0
0 4199243 0
0 4199251 0
0 4199243 0
0 4199259 0
0 4199261 0
0 4199210 0
0 4199243 0
0 4199259 0
0 4199277 0
0 4199188 0
0 4199197 0
0 4199188 0
0 4199201 0
0 4199243 0
0 4199251 0
0 4199243 0
0 4199259 0
0 4199261 0
0 4199210 0
0 4199243 0
0 4199259 0
0 4199277 0
0 4199188 0
0 4199197 0
0 4199188 0
0 4199201 0
0 4199243 0
0 4199251 0
0 4199243 0
0 4199259 0
0 4199261 0
0 4199210 0
0 4199219 0
0 4199274 0
0 4199188 0
0 4199197 0
0 4199188 0
0 4199201 0
0 4199243 0
0 4199259 0
0 4199277 0
0 4199188 0
0 4199197 0
0 4199188 0
0 4199201 0
0 4199243 0
0 4199251 0
0 4199243 0
0 4199259 0
0 4199261 0
0 4199210 0
0 4199243 0
0 4199259 0
0 4199277 0
0 4199188 0
0 4199197 0
0 4199188 0
0 4199201 0
0 4199243 0
0 4199251 0
0 4199243 0
0 4199259 0
0 4199261 0
0 4199210 0
0 4199219 0
0 4199274 0
0 4199188 0
0 4199197 0
0 4199188 0
0 4199201 0
0 4199243 0
0 4199259 0
0 4199277 0
0 4199188 0
0 4199197 0
0 4199188 0
0 4199201 0
0 4199243 0
0 4199251 0
0 4199243 0
0 4199259 0
0 4199261 0
0 4199210 0
0 4199219 0
0 4199274 0
0 4199188 0
0 4199197 0
0 4199188 0
0 4199201 0
0 4199243 0
0 4199259 0
0 4199277 0
0 4199188 0
0 4199197 0
0 4199188 0
0 4199201 0
0 4199243 0
0 4199251 0
0 4199243 0
0 4199259 0
0 4199261 0
0 4199210 0
0 4199243 0
0 4199259 0
0 4199277 0
0 4199188 0
0 4199197 0
0 4199188 0
0 4199201 0
0 4199243 0
0 4199251 0
0 4199243 0
0 4199259 0
0 4199261 0
0 4199210 0
0 4199219 0
0 4199274 0
0 4199188 0
0 4199197 0
0 4199188 0
0 4199201 0
0 4199243 0
0 4199259 0
0 4199277 0
0 4199188 0
0 4199197 0
0 4199188 0
0 4199201 0
0 4199243 0
0 4199251 0
0 4199243 0
0 4199259 0
0 4199261 0
0 4199210 0
0 4199243 0
0 4199259 0
0 4199277 0
0 4199188 0
0 4199197 0
0 4199188 0
0 4199201 0
0 4199243 0
0 4199251 0
0 4199243 0
0 4199259 0
0 4199261 0
0 4199210 0
0 4199243 0
0 4199259 0
0 4199277 0
0 4199188 0
0 4199197 0
0 4199188 0
0 4199201 0
0 4199243 0
0 4199251 0
0 4199243 0
0 4199259 0
0 4199261 0
0 4199210 0
0 4199219 0
0 4199274 0
0 4199188 0
0 4199197 0
0 4199188 0
0 4199201 0
0 4199243 0
0 4199259 0
0 4199277 0
0 4199188 0
0 4199197 0
0 4199188 0
0 4199201 0
0 4199243 0
0 4199251 0
0 4199243 0
0 4199259 0
0 4199261 0
0 4199210 0
0 4199243 0
0 4199259 0
0 4199277 0
0 4199188 0
0 4199197 0
0 4199188 0
0 4199201 0
0 4199243 0
0 4199251 0
0 4199243 0
0 4199259 0
0 4199261 0
0 4199210 0
0 4199243 0
0 4199259 0
0 4199277 0
0 4199188 0
0 4199197 0
0 4199188 0
0 4199201 0
0 4199243 0
0 4199251 0
0 4199243 0
0 4199259 0
0 4199261 0
0 4199210 0
0 4199219 0
0 4199274 0
0 4199188 0
0 4199197 0
0 4199188 0
0 4199201 0
0 4199243 0
0 4199259 0
0 4199277 0
0 4199188 0
0 4199197 0
0 4199188 0
0 4199201 0
0 4199243 0
0 4199251 0
0 4199243 0
0 4199259 0
0 4199261 0
0 4199210 0
0 4199219 0
0 4199274 0
0 4199188 0
0 4199197 0
0 4199188 0
0 4199201 0
0 4199243 0
0 4199259 0
0 4199277 0
0 4199188 0
0 4199197 0
0 4199188 0
0 4199201 0
0 4199243 0
0 4199251 0
0 4199243 0
0 4199259 0
0 4199261 0
0 4199210 0
0 4199243 0
0 4199259 0
0 4199277 0
0 4199188 0
0 4199197 0
0 4199188 0
0 4199201 0
0 4199243 0
0 4199251 0
0 4199243 0
0 4199259 0
0 4199261 0
0 4199210 0
0 4199243 0
0 4199259 0
0 4199277 0
0 4199188 0
0 4199197 0
0 4199188 0
0 4199201 0
0 4199243 0
0 4199251 0
0 4199243 0
0 4199259 0
0 4199261 0
0 4199210 0
0 4199219 0
0 4199274 0
0 4199188 0
0 4199197 0
0 4199188 0
0 4199201 0
0 4199243 0
0 4199259 0
0 4199277 0
0 4199188 0
0 4199197 0
0 4199188 0
0 4199201 0
0 4199243 0
0 4199251 0
0 4199243 0
0 4199259 0
0 4199261 0
0 4199210 0
0 4199243 0
0 4199259 0
0 4199277 0
0 4199188 0
0 4199197 0
0 4199188 0
0 4199201 0
0 4199243 0
0 4199251 0
0 4199243 0
0 4199259 0
0 4199261 0
0 4199210 0
0 4199219 0
0 4199274 0
0 4199188 0
0 4199197 0
0 4199188 0
0 4199201 0
0 4199243 0
0 4199259 0
0 4199277 0
0 4199188 0
0 4199197 0
0 4199188 0
0 4199201 0
0 4199243 0
0 4199251 0
0 4199243 0
0 4199259 0
0 4199261 0
0 4199210 0
0 4199243 0
0 4199259 0
0 4199261 0
0 4199210 0
0 4199219 0
0 4199274 0
0 4199188 0
0 4199197 0
0 4199188 0
0 4199201 0
0 4199243 0
0 4199259 0
0 4199277 0
0 4199188 0
0 4199197 0
0 4199188 0
0 4199201 0
0 4199243 0
0 4199251 0
0 4199243 0
0 4199259 0
0 4199261 0
0 4199210 0
0 4199243 0
0 4199259 0
0 4199277 0
0 4199188 0
0 4199197 0
0 4199188 0
0 4199201 0
0 4199243 0
0 4199251 0
0 4199243 0
0 4199259 0
0 4199261 0
0 4199210 0
0 4199243 0
0 4199259 0
0 4199277 0
0 4199188 0
0 4199197 0
0 4199188 0
0 4199201 0
0 4199243 0
0 4199251 0
0 4199243 0
0 4199259 0
0 4199261 0
0 4199210 0
0 4199219 0
0 4199274 0
0 4199188 0
0 4199197 0
0 4199188 0
0 4199201 0
0 4199243 0
0 4199259 0
0 4199277 0
0 4199188 0
0 4199197 0
0 4199188 0
0 4199201 0
0 4199243 0
0 4199251 0
0 4199243 0
0 4199259 0
0 4199261 0
0 4199210 0
0 4199243 0
0 4199259 0
0 4199277 0
0 4199188 0
0 4199197 0
0 4199188 0
0 4199201 0
0 4199243 0
0 4199251 0
0 4199243 0
0 4199259 0
0 4199261 0
0 4199210 0
0 4199219 0
0 4199274 0
0 4199188 0
0 4199197 0
0 4199188 0
0 4199201 0
0 4199243 0
0 4199259 0
0 4199277 0
0 4199188 0
0 4199197 0
0 4199188 0
0 4199201 0
0 4199243 0
0 4199251 0
0 4199243 0
0 4199259 0
0 4199261 0
0 4199210 0
0 4199243 0
0 4199259 0
0 4199277 0
0 4199188 0
0 4199197 0
0 4199188 0
0 4199201 0
0 4199243 0
0 4199251 0
0 4199243 0
0 4199259 0
0 4199261 0
0 4199210 0
0 4199243 0
0 4199259 0
0 4199277 0
0 4199188 0
0 4199197 0
0 4199188 0
0 4199201 0
0 4199243 0
0 4199251 0
0 4199243 0
0 4199259 0
0 4199261 0
0 4199210 0
0 4199219 0
0 4199274 0
0 4199188 0
0 4199197 0
0 4199188 0
0 4199201 0
0 4199243 0
0 4199259 0
0 4199277 0
0 4199188 0
0 4199197 0
0 4199188 0
0 4199201 0
0 4199243 0
0 4199251 0
0 4199243 0
0 4199259 0
0 4199261 0
0 4199210 0
0 4199243 0
0 4199259 0
0 4199277 0
0 4199188 0
0 4199197 0
0 4199188 0
0 4199201 0
0 4199243 0
0 4199251 0
0 4199243 0
0 4199259 0
0 4199261 0
0 4199210 0
0 4199243 0
0 4199259 0
0 4199277 0
0 4199188 0
0 4199197 0
0 4199188 0
0 4199201 0
0 4199243 0
0 4199251 0
0 4199243 0
0 4199259 0
0 4199261 0
0 4199210 0
0 4199243 0
0 4199259 0
0 4199277 0
0 4199188 0
0 4199197 0
0 4199188 0
0 4199201 0
0 4199243 0
0 4199251 0
0 4199243 0
0 4199259 0
0 4199261 0
0 4199210 0
0 4199219 0
0 4199274 0
0 4199188 0
0 4199197 0
0 4199188 0
0 4199201 0
0 4199243 0
0 4199259 0
0 4199277 0
0 4199188 0
0 4199197 0
0 4199188 0
0 4199201 0
0 4199243 0
0 4199251 0
0 4199243 0
0 4199259 0
0 4199261 0
0 4199210 0
0 4199243 0
0 4199259 0
0 4199277 0
0 4199188 0
0 4199197 0
0 4199188 0
0 4199201 0
0 4199243 0
0 4199251 0
0 4199243 0
0 4199259 0
0 4199261 0
0 4199210 0
0 4199219 0
0 4199274 0
0 4199188 0
0 4199197 0
0 4199188 0
0 4199201 0
0 4199243 0
0 4199259 0
0 4199277 0
0 4199188 0
0 4199197 0
0 4199188 0
0 4199201 0
0 4199243 0
0 4199251 0
0 4199243 0
0 4199259 0
0 4199261 0
0 4199210 0
0 4199243 0
0 4199259 0
0 4199261 0
0 4199210 0
0 4199219 0
0 4199274 0
0 4199188 0
0 4199197 0
0 4199188 0
0 4199201 0
0 4199243 0
0 4199259 0
0 4199277 0
0 4199188 0
0 4199197 0
0 4199188 0
0 4199201 0
0 4199243 0
0 4199251 0
0 4199243 0
0 4199259 0
0 4199261 0
0 4199210 0
0 4199243 0
0 4199259 0
0 4199277 0
0 4199188 0
0 4199197 0
0 4199188 0
0 4199201 0
0 4199243 0
0 4199251 0
0 4199243 0
0 4199259 0
0 4199261 0
0 4199210 0
0 4199219 0
0 4199274 0
0 4199188 0
0 4199197 0
0 4199188 0
0 4199201 0
0 4199243 0
0 4199259 0
0 4199277 0
0 4199188 0
0 4199197 0
0 4199188 0
0 4199201 0
0 4199243 0
0 4199251 0
0 4199243 0
0 4199259 0
0 4199261 0
0 4199210 0
0 4199243 0
0 4199259 0
0 4199261 0
0 4199210 0
0 4199219 0
0 4199274 0
0 4199188 0
0 4199197 0
0 4199188 0
0 4199201 0
0 4199243 0
0 4199259 0
0 4199277 0
0 4199188 0
0 4199197 0
0 4199188 0
0 4199201 0
0 4199243 0
0 4199251 0
0 4199243 0
0 4199259 0
0 4199261 0
0 4199210 0
0 4199243 0
0 4199259 0
0 4199277 0
0 4199188 0
0 4199197 0
0 4199188 0
0 4199201 0
0 4199243 0
0 4199251 0
0 4199243 0
0 4199259 0
0 4199261 0
0 4199210 0
0 4199219 0
0 4199274 0
0 4199188 0
0 4199197 0
0 4199188 0
0 4199201 0
0 4199243 0
0 4199259 0
0 4199277 0
0 4199188 0
0 4199197 0
0 4199188 0
0 4199201 0
0 4199243 0
0 4199251 0
0 4199243 0
0 4199259 0
0 4199261 0
0 4199210 0
0 4199243 0
0 4199259 0
0 4199277 0
0 4199188 0
0 4199197 0
0 4199188 0
0 4199201 0
0 4199243 0
0 4199251 0
0 4199243 0
0 4199259 0
0 4199261 0
0 4199210 0
0 4199243 0
0 4199259 0
0 4199277 0
0 4199188 0
0 4199197 0
0 4199188 0
0 4199201 0
0 4199243 0
0 4199251 0
0 4199243 0
0 4199259 0
0 4199261 0
0 4199210 0
0 4199243 0
0 4199259 0
0 4199277 0
0 4199188 0
0 4199197 0
0 4199188 0
0 4199201 0
0 4199243 0
0 4199251 0
0 4199243 0
0 4199259 0
0 4199261 0
0 4199210 0
0 4199243 0
0 4199259 0
0 4199277 0
0 4199188 0
0 4199197 0
0 4199188 0
0 4199201 0
0 4199243 0
0 4199251 0
0 4199243 0
0 4199259 0
0 4199261 0
0 4199210 0
0 4199243 0
0 4199259 0
0 4199277 0
0 4199188 0
0 4199197 0
0 4199188 0
0 4199201 0
0 4199243 0
0 4199251 0
0 4199243 0
0 4199259 0
0 4199261 0
0 4199210 0
0 4199243 0
0 4199259 0
0 4199277 0
0 4199188 0
0 4199197 0
0 4199188 0
0 4199201 0
0 4199243 0
0 4199251 0
0 4199243 0
0 4199259 0
0 4199261 0
0 4199210 0
0 4199243 0
0 4199251 0
0 4199243 0
0 4199259 0
0 4199261 0
0 4199272 0
0 4199281 0
0 4199302 0
2 4199332 0
0 4199319 0
0 4199334 0
2 4199365 0
2 4198546 0
1 4199372 4198559
2 4198559 0
2 6295656 0
3 0 0
3 0 0
3 0 0
3 0 0
3 0 0
3 0 0
3 0 0
3 0 0
3 0 0
3 0 0
3 0 0
3 0 0
3 0 0
3 0 0
3 0 0
3 0 0
3 0 0
3 0 0
3 0 0
3 0 0
3 0 0
3 0 0
3 0 0
3 0 0
3 0 0
3 0 0
3 0 0
3 0 0
3 0 0
3 0 0
3 0 0
3 0 0
3 0 0
3 0 0
3 0 0
3 0 0
3 0 0
3 0 0
3 0 0
3 0 0
3 0 0
3 0 0
3 0 0
3 0 0
3 0 0
3 0 0
3 0 0
3 0 0
3 0 0
3 0 0
3 0 0
3 0 0
3 0 0
3 0 0
3 0 0
3 0 0
3 0 0
3 0 0
3 0 0
3 0 0
3 0 0
3 0 0
3 0 0
3 0 0
3 0 0
3 0 0
3 0 0
3 0 0
3 0 0
3 0 0
3 0 0
3 0 0
3 0 0
3 0 0
3 0 0
3 0 0
3 0 0
3 0 0
3 0 0
3 0 0
3 0 0
3 0 0
3 0 0
3 0 0
3 0 0
3 0 0
3 0 0
3 0 0
3 0 0
3 0 0
3 0 0
3 0 0
3 0 0
3 0 0
3 0 0
3 0 0
3 0 0
3 0 0
3 0 0
3 0 0
3 0 0
3 0 0
3 0 0
3 0 0
3 0 0
3 0 0
3 0 0
3 0 0
3 0 0
3 0 0
3 0 0
3 0 0
3 0 0
3 0 0
3 0 0
3 0 0
3 0 0
3 0 0
3 0 0
3 0 0
3 0 0
3 0 0
3 0 0
3 0 0
3 0 0
3 0 0
3 0 0
3 0 0
3 0 0
3 0 0
3 0 0
3 0 0
3 0 0
3 0 0
3 0 0
3 0 0
3 0 0
3 0 0
3 0 0
3 0 0
3 0 0
3 0 0
3 0 0
3 0 0
3 0 0
3 0 0
3 0 0
3 0 0
3 0 0
3 0 0
3 0 0
3 0 0
3 0 0
3 0 0
3 0 0
3 0 0
3 0 0
3 0 0
3 0 0
3 0 0
3 0 0
3 0 0
3 0 0
3 0 0
3 0 0
3 0 0
3 0 0
3 0 0
3 0 0
3 0 0
3 0 0
3 0 0
3 0 0
3 0 0
3 0 0
3 0 0
3 0 0
3 0 0
3 0 0
3 0 0
3 0 0
3 0 0
3 0 0
3 0 0
3 0 0
3 0 0
3 0 0
3 0 0
3 0 0
3 0 0
3 0 0
3 0 0
3 0 0
3 0 0
3 0 0
3 0 0
3 0 0
3 0 0
3 0 0
3 0 0
3 0 0
3 0 0
3 0 0
3 0 0
3 0 0
3 0 0
3 0 0
3 0 0
3 0 0
3 0 0
3 0 0
3 0 0
3 0 0
3 0 0
3 0 0
3 0 0
3 0 0
3 0 0
3 0 0
3 0 0
3 0 0
3 0 0
3 0 0
3 0 0
3 0 0
3 0 0
3 0 0
3 0 0
3 0 0
3 0 0
3 0 0
3 0 0
3 0 0
3 0 0
3 0 0
3 0 0
3 0 0
3 0 0
3 0 0
3 0 0
3 0 0
3 0 0
3 0 0
3 0 0
3 0 0
3 0 0
3 0 0
3 0 0
3 0 0
3 0 0
3 0 0
3 0 0
3 0 0
3 0 0
3 0 0
3 0 0
3 0 0
3 0 0
3 0 0
3 0 0
3 0 0
3 0 0
3 0 0
3 0 0
3 0 0
3 0 0
3 0 0
3 0 0
3 0 0
3 0 0
3 0 0
3 0 0
3 0 0
3 0 0
3 0 0
3 0 0
3 0 0
3 0 0
3 0 0
3 0 0
3 0 0
3 0 0
3 0 0
3 0 0
3 0 0
3 0 0
3 0 0
3 0 0
3 0 0
3 0 0
3 0 0
3 0 0
3 0 0
3 0 0
3 0 0
3 0 0
3 0 0
3 0 0
3 0 0
3 0 0
3 0 0
3 0 0
3 0 0
3 0 0
3 0 0
3 0 0
3 0 0
3 0 0
3 0 0
3 0 0
3 0 0
3 0 0
3 0 0
3 0 0
3 0 0
3 0 0
3 0 0
3 0 0
3 0 0
3 0 0
3 0 0
3 0 0
3 0 0
3 0 0
3 0 0
3 0 0
3 0 0
3 0 0
3 0 0
3 0 0
3 0 0
3 0 0
3 0 0
3 0 0
3 0 0
3 0 0
3 0 0
3 0 0
3 0 0
3 0 0
3 0 0
3 0 0
3 0 0
3 0 0
3 0 0
3 0 0
3 0 0
3 0 0
3 0 0
3 0 0
3 0 0
3 0 0
3 0 0
3 0 0
3 0 0
3 0 0
3 0 0
3 0 0
3 0 0
3 0 0
3 0 0
3 0 0
3 0 0
3 0 0
3 0 0
3 0 0
3 0 0
3 0 0
3 0 0
3 0 0
3 0 0
3 0 0
3 0 0
3 0 0
3 0 0
3 0 0
3 0 0
3 0 0
3 0 0
3 0 0
3 0 0
3 0 0
3 0 0
3 0 0
3 0 0
3 0 0
3 0 0
3 0 0
3 0 0
3 0 0
3 0 0
3 0 0
3 0 0
3 0 0
3 0 0
3 0 0
3 0 0
3 0 0
3 0 0
3 0 0
3 0 0
3 0 0
3 0 0
3 0 0
3 0 0
3 0 0
3 0 0
3 0 0
3 0 0
3 0 0
3 0 0
3 0 0
3 0 0
3 0 0
3 0 0
3 0 0
3 0 0
3 0 0
3 0 0
3 0 0
3 0 0
3 0 0
3 0 0
3 0 0
3 0 0
3 0 0
3 0 0
3 0 0
3 0 0
3 0 0
3 0 0
3 0 0
3 0 0
3 0 0
3 0 0
3 0 0
3 0 0
3 0 0
3 0 0
3 0 0
3 0 0
3 0 0
3 0 0
3 0 0
3 0 0
3 0 0
3 0 0
3 0 0
3 0 0
3 0 0
3 0 0
3 0 0
3 0 0
3 0 0
3 0 0
3 0 0
3 0 0
3 0 0
3 0 0
3 0 0
3 0 0
3 0 0
3 0 0
3 0 0
3 0 0
3 0 0
3 0 0
3 0 0
3 0 0
3 0 0
3 0 0
3 0 0
3 0 0
3 0 0
3 0 0
3 0 0
3 0 0
3 0 0
3 0 0
3 0 0
3 0 0
3 0 0
3 0 0
3 0 0
3 0 0
3 0 0
3 0 0
3 0 0
3 0 0
3 0 0
3 0 0
3 0 0
3 0 0
3 0 0
3 0 0
3 0 0
3 0 0
3 0 0
3 0 0
3 0 0
3 0 0
3 0 0
3 0 0
3 0 0
3 0 0
3 0 0
3 0 0
3 0 0
3 0 0
3 0 0
3 0 0
3 0 0
3 0 0
3 0 0
3 0 0
3 0 0
3 0 0
3 0 0
3 0 0
3 0 0
3 0 0
3 0 0
3 0 0
3 0 0
3 0 0
3 0 0
3 0 0
3 0 0
3 0 0
3 0 0
3 0 0
3 0 0
3 0 0
3 0 0
3 0 0
3 0 0
3 0 0
3 0 0
3 0 0
3 0 0
3 0 0
3 0 0
3 0 0
3 0 0
3 0 0
3 0 0
3 0 0
3 0 0
3 0 0
3 0 0
3 0 0
3 0 0
3 0 0
3 0 0
3 0 0
3 0 0
3 0 0
3 0 0
3 0 0
3 0 0
3 0 0
3 0 0
3 0 0
3 0 0
3 0 0
3 0 0
3 0 0
3 0 0
3 0 0
3 0 0
3 0 0
3 0 0
3 0 0
3 0 0
3 0 0
3 0 0
3 0 0
3 0 0
3 0 0
3 0 0
3 0 0
3 0 0
3 0 0
3 0 0
3 0 0
3 0 0
3 0 0
3 0 0
3 0 0
3 0 0
3 0 0
3 0 0
3 0 0
3 0 0
3 0 0
3 0 0
3 0 0
3 0 0
3 0 0
3 0 0
3 0 0
3 0 0
3 0 0
3 0 0
3 0 0
3 0 0
3 0 0
3 0 0
3 0 0
3 0 0
3 0 0
3 0 0
3 0 0
3 0 0
3 0 0
3 0 0
3 0 0
3 0 0
3 0 0
3 0 0
3 0 0
3 0 0
3 0 0
3 0 0
3 0 0
3 0 0
3 0 0
3 0 0
3 0 0
3 0 0
3 0 0
3 0 0
3 0 0
3 0 0
3 0 0
3 0 0
3 0 0
3 0 0
3 0 0
3 0 0
3 0 0
3 0 0
3 0 0
3 0 0
3 0 0
3 0 0
3 0 0
3 0 0
3 0 0
3 0 0
3 0 0
3 0 0
3 0 0
3 0 0
3 0 0
3 0 0
3 0 0
3 0 0
3 0 0
3 0 0
3 0 0
3 0 0
3 0 0
3 0 0
3 0 0
3 0 0
3 0 0
3 0 0
3 0 0
3 0 0
3 0 0
3 0 0
3 0 0
3 0 0
3 0 0
3 0 0
3 0 0
3 0 0
3 0 0
3 0 0
3 0 0
3 0 0
3 0 0
3 0 0
3 0 0
3 0 0
3 0 0
3 0 0
3 0 0
3 0 0
3 0 0
3 0 0
3 0 0
3 0 0
3 0 0
3 0 0
3 0 0
3 0 0
3 0 0
3 0 0
3 0 0
3 0 0
3 0 0
3 0 0
3 0 0
3 0 0
3 0 0
3 0 0
3 0 0
3 0 0
3 0 0
3 0 0
3 0 0
3 0 0
3 0 0
3 0 0
3 0 0
3 0 0
3 0 0
3 0 0
3 0 0
3 0 0
3 0 0
3 0 0
3 0 0
3 0 0
3 0 0
3 0 0
3 0 0
3 0 0
3 0 0
3 0 0
3 0 0
3 0 0
3 0 0
3 0 0
3 0 0
3 0 0
3 0 0
3 0 0
3 0 0
3 0 0
3 0 0
3 0 0
3 0 0
3 0 0
3 0 0
3 0 0
3 0 0
3 0 0
3 0 0
3 0 0
3 0 0
3 0 0
3 0 0
3 0 0
3 0 0
3 0 0
3 0 0
3 0 0
3 0 0
3 0 0
3 0 0
3 0 0
3 0 0
3 0 0
3 0 0
3 0 0
3 0 0
3 0 0
3 0 0
3 0 0
3 0 0
3 0 0
3 0 0
3 0 0
3 0 0
3 0 0
3 0 0
3 0 0
3 0 0
3 0 0
3 0 0
3 0 0
3 0 0
3 0 0
3 0 0
3 0 0
3 0 0
3 0 0
3 0 0
3 0 0
3 0 0
3 0 0
3 0 0
3 0 0
3 0 0
3 0 0
3 0 0
3 0 0
3 0 0
3 0 0
3 0 0
3 0 0
3 0 0
3 0 0
3 0 0
3 0 0
3 0 0
3 0 0
3 0 0
3 0 0
3 0 0
3 0 0
3 0 0
3 0 0
3 0 0
3 0 0
3 0 0
3 0 0
3 0 0
3 0 0
3 0 0
3 0 0
3 0 0
3 0 0
3 0 0
3 0 0
3 0 0
3 0 0
3 0 0
3 0 0
3 0 0
3 0 0
3 0 0
3 0 0
3 0 0
3 0 0
3 0 0
3 0 0
3 0 0
3 0 0
3 0 0
3 0 0
3 0 0
3 0 0
3 0 0
3 0 0
3 0 0
3 0 0
3 0 0
3 0 0
3 0 0
3 0 0
3 0 0
3 0 0
3 0 0
3 0 0
3 0 0
3 0 0
3 0 0
3 0 0
3 0 0
3 0 0
3 0 0
3 0 0
3 0 0
3 0 0
3 0 0
3 0 0
3 0 0
3 0 0
3 0 0
3 0 0
3 0 0
3 0 0
3 0 0
3 0 0
3 0 0
3 0 0
3 0 0
3 0 0
3 0 0
3 0 0
3 0 0
3 0 0
3 0 0
3 0 0
3 0 0
3 0 0
3 0 0
3 0 0
3 0 0
3 0 0
3 0 0
3 0 0
3 0 0
3 0 0
3 0 0
3 0 0
3 0 0
3 0 0
3 0 0
3 0 0
3 0 0
3 0 0
3 0 0
3 0 0
3 0 0
3 0 0
3 0 0
3 0 0
3 0 0
3 0 0
3 0 0
3 0 0
3 0 0
3 0 0
3 0 0
3 0 0
3 0 0
3 0 0
3 0 0
3 0 0
3 0 0
3 0 0
3 0 0
3 0 0
3 0 0
3 0 0
3 0 0
3 0 0
3 0 0
3 0 0
3 0 0
3 0 0
3 0 0
3 0 0
3 0 0
3 0 0
3 0 0
3 0 0
3 0 0
3 0 0
3 0 0
3 0 0
3 0 0
3 0 0
3 0 0
3 0 0
3 0 0
3 0 0
3 0 0
3 0 0
3 0 0
3 0 0
3 0 0
3 0 0
3 0 0
3 0 0
3 0 0
3 0 0
3 0 0
3 0 0
3 0 0
3 0 0
3 0 0
3 0 0
3 0 0
3 0 0
3 0 0
3 0 0
3 0 0
3 0 0
3 0 0
3 0 0
3 0 0
3 0 0
3 0 0
3 0 0
3 0 0
3 0 0
3 0 0
3 0 0
3 0 0
3 0 0
3 0 0
3 0 0