4198576
5242880
4198400
4198422
4198420
4198528
4199367
4198541
4198624
4198664
4198643
4198672
4198728
4198708
4198736
4198749
4198792
4198800
4198809
4198847
4198861
4198903
4198871
4198932
4198956
4198965
4198970
4199037
4199053
4199075
4199087
4199090
4199123
4199338
4199348
4199310
4199350
4199365
4199372
4198559
4199392
4199441
4199504
4199512
6295640
4198780
4198655
4199469
4198720
4198775
4198763
4198512
4199033
4199010
4198996
4199098
4199197
4199188
4199323
4199332
4199128
4199334
6295632
4198480
5242896
4199026
4199201
4199243
4199251
4199259
4199219
4199224
4199274
4199277
4199261
4199272
4199210
4199281
4199302
4199297
4198496
5242888
4199319
4199478
4199447
6295648
4198546
4199105
4199122
4199110
4199071
4199061
4199069
6295656
4199456
4198432
4198479
4198491
4198507
4198523
4198572
4198622
4198623
4198665
4198729
4198793
4199388
4199493
4198657
4198722
4198789
4198448
4198464
4198445
4198463
0
0
0
0
0
0
0
0
0
0
0
0
0
0
0
0
0
0
0
0
0
0
0
0
0
0
0
0
0
0
0
0
0
0
0
0
0
0
0
0
0
0
0
0
0
0
0
0
0
0
0
0
0
0
0
0
0
0
0
0
0
0
0
0
0
0
0
0
0
0
0
0
0
0
0
0
0
0
0
0
0
0
0
0
0
0
0
0
0
0
0
0
0
0
0
0
0
0
0
0
0
0
0
0
0
0
0
0
0
0
0
0
0
0
0
0
0
0
0
0
0
0
0
0
0
0
0
0
0
0
0
0
0
0
0
0
0
0
0
0
0
0
0
0
0
0
0
0
0
0
0
0
0
0
0
0
0
0
0
0
0
0
0
0
0
0
0
0
0
0
0
0
0
0
0
0
0
0
0
0
0
0
0
0
0
0
0
0
0
0
0
0
0
0
0
0
0
0
0
0
0
0
0
0
0
0
0
0
0
0
0
0
0
0
0
0
0
0
0
0
0
0
0
0
0
0
0
0
0
0
0
0
0
0
0
0
0
0
0
0
0
0
0
0
0
0
0
0
0
0
0
0
0
0
0
0
0
0
0
0
0
0
0
0
0
0
0
0
0
0
0
0
0
0
0
0
0
0
0
0
0
0
0
0
0
0
0
0
0
0
0
0
0
0
0
0
0
0
0
0
0
0
0
0
0
0
0
0
0
0
0
0
0
0
0
0
0
0
0
0
0
0
0
0
0
0
0
0
0
0
0
0
0
0
0
0
0
0
0
0
0
0
0
0
0
0
0
0
0
0
0
0
0
0
0
0
0
0
0
0
0
0
0
0
0
0
0
0
0
0
0
0
0
0
0
0
0
0
0
0
0
0
0
0
0
0