0 1
1 40 5 42
2 3 4
3 41
4 44 3
5 6 7
6 7
7 36 86
8 9 10
9 45
10 9 46
11 12 13
12 47
13 12 48
14 15 16
15 49 50
16
17 11
18
19
20 21 22
21
22 51
23
24 25 26
25 52
26 53 54
27 24 28
28 90 91
29 30 31
30
31 24 55
32
33 34 35
34
35 82 58
36 37 35
37 86
38 39
39 93
40 2 41
41 83 84
42
43
44
45
46 62
47 83 94
48 62
49 8 45
50 63 49
51 64
52 55 28
53 25 65
54 53
55 30 87
56 57
57 56 66
58 59 60
59 82
60 57 66
61 34 37
62
63 62
64
65 52
66 76 70 67
67 68 69
68 67
69 73 74
70 71 72
71 72
72 73 57
73 57
74 75 76
75 77
76 67 70
77 78 79
78 59
79 80
80 81
81
82 58 61
83 85
84 94 17
85 5
86 38 39
87 88 89
88
89 87
90
91 92
92 90 92
93
94 44 47
95 62
96 63
97 80
98 51
99 5
100 0
101
102 8
103 11
104 14
105 17
106 40
107 42
108 9
109 12
110 16
111 95
112 95
113 111
114 112
