256
17597688971526
3072
134
33752064
24576
16384
268534033
769
2054
8425478
6145
8198
67158022
536903810
391
0
1025
3074
134291469
527
24578
776
24591
771
33817091
2056
6147
0
6159
20483
273
0
0
3076
0
1033
0
537002117
2057
12297
268567045
24592
6149
0
268582921
0
16777350
400
0
0
0
0
138
4720657
138
4229126
8716423
3079
522
3082
8199
4615
537100424
67536916
8204
269
395
523
24584
18435
4107
265
1041
649
8203
537166341
537018379
4105
67273744
0
138
2562
396
140
24586
8207
16391
270
2062
0
1538
3083
525
0
2057
1031
2058
1548
8333
537202700
16386
10252
141
8205
537264397
0
6157
2580
537329942
4293135
4669450
17105935
537297166
537199630
4555022
2574
24590
399
406
4410969628682
4107
2063
12295
134483983
2059
134561807
524
528
67666178
4096
6160
0
1040
0
145
268959889
8684049
521
0
9222
138
266
4107
1033
2056
4096
128
0
129
1025
8193
258
16389
262
257
2049
130
5133
28686
269059085
537497614
4857875
9060371
660
1300
5140
12308
24596
4898836
405
789
1557
3093
6165
12309
24597
4931605
4113
4113
4113
534
1046
2070
0
0
0
0
0
0
0
0
0
0
0
0
0
0
0
0
0
0
0
0
0
0
0
0
0
0
0
0
0
0
0
0
0
0
0
0
0
0
0
0
0
0
0
0
0
0
0
0
0
0
0
0
0
0
0
0
0
0
0
0
0
0
0
0
0
0
0
0
0
0
0
0
0
0
0
0
0
0
0
0
0
0
0
0
0
0
0
0
0
0
0
0
0
0
0
0
0
0
0
0
0
0
0
0
0
0
0
0
0
0
0
0
0
0
0
0
0
0
0
0
0
0
0
0
0
0
0
0
0
0
0
0
0
0
0
0
0
0
0
0
0
0
0
0
0
0
0
0
0
0
0
0
0
0
0
0
0
0
0
0
0
0
0
0
0
0
0
0
0
0
0
0
0
0
0
0
0
0
0
0
0
0
0
0
0
0
0
0
0
0
0
0
0
0
0
0
0
0
0
0
0
0
0
0
0
0
0
0
0
0
0
0
0
0
0
0
0
0
0
0
0
0
0
0
0
0
0
0
0
0
0
0
0
0
0
0
0
0
0
0
0
0
0
0
0
0
0
0
0
0
0
0
0
0
0
0
0
0
0
0
0
0
0
0
0
0
0
0
0
0
0
0
0
0
0
0
0
0
0
0
0
0
0
0
0
0
0
0
0
0
0
0
0
0
0
0
0
0
0
0
0
0
0
0
0
0
0
0
0
0
0
0
0
0
0
0