1 148
47 130
2 48
3 500
48 500
129 500
17 54
11 500
12 500
54 500
128 500
130 500
5 139
6 7
7 500
30 137
29 31
125 500
92 500
91 500
18 19
19 500
21 110
23 500
127 500
98 500
99 500
110 500
24 122
25 500
67 500
89 500
116 500
114 500
87 115
63 500
64 500
164 500
160 500
107 500
108 500
162 500
158 500
109 500
177 500
175 500
173 500
171 500
169 500
167 500
165 500
161 500
117 500
119 500
176 500
174 500
172 500
170 500
168 500
166 500
163 500
159 500
118 500
120 500
115 500
113 500
111 500
87 112
63 500
64 500
164 500
160 500
107 500
108 500
162 500
158 500
109 500
177 500
175 500
173 500
171 500
169 500
167 500
165 500
161 500
117 500
119 500
176 500
174 500
172 500
170 500
168 500
166 500
163 500
159 500
118 500
120 500
112 500
123 82
61 500
62 500
58 500
59 500
82 500
18 20
20 500
122 500
124 500
69 500
70 500
31 500
137 500
138 73
74 500
72 500
73 500
139 500
500 500
500 500
500 500
500 500
500 500
500 500
500 500
500 500
500 500
500 500
500 500
500 500
500 500
500 500
500 500
500 500
500 500
500 500
500 500
500 500
500 500
500 500
500 500
500 500
500 500
500 500
500 500
500 500
500 500
500 500
500 500
500 500
500 500
500 500
500 500
500 500
500 500
500 500
500 500
500 500
500 500
500 500
500 500
500 500
500 500
500 500
500 500
500 500
500 500
500 500
500 500
500 500
500 500
500 500
500 500
500 500
500 500
500 500
500 500
500 500
500 500
500 500
500 500
500 500
500 500
500 500
500 500
500 500
500 500
500 500
500 500
500 500
500 500
500 500
500 500
500 500
500 500
500 500
500 500
500 500
500 500
500 500
500 500
500 500
500 500
500 500
500 500
500 500
500 500
500 500
500 500
500 500
500 500
500 500
500 500
500 500
500 500
500 500
500 500
500 500
500 500
500 500
500 500
500 500
500 500
500 500
500 500
500 500
500 500
500 500
500 500
500 500
500 500
500 500
500 500
500 500
500 500
500 500
500 500
500 500
500 500
500 500
500 500
500 500
500 500
500 500
500 500
500 500
500 500
500 500
500 500
500 500
500 500
500 500
500 500
500 500
500 500
500 500
500 500
500 500
500 500
500 500
500 500
500 500
500 500
500 500
500 500
500 500
500 500
500 500
500 500
500 500
500 500
500 500
500 500
500 500
500 500
500 500
500 500
500 500
500 500
500 500
500 500
500 500
500 500
500 500
500 500
500 500
500 500
500 500
500 500
500 500
500 500
500 500
500 500
500 500
500 500
500 500
500 500
500 500
500 500
500 500
500 500
500 500
500 500
500 500
500 500
500 500
500 500
500 500
500 500
500 500
500 500
500 500
500 500
500 500
500 500
500 500
500 500
500 500
500 500
500 500
500 500
500 500
500 500
500 500
500 500
500 500
500 500
500 500
500 500
500 500
500 500
500 500
500 500
500 500
500 500
500 500
500 500
500 500
500 500
500 500
500 500
500 500
500 500
500 500
500 500
500 500
500 500
500 500
500 500
500 500
500 500
500 500
500 500
500 500
500 500
500 500
500 500
500 500
500 500
500 500
500 500
500 500
500 500
500 500
500 500
500 500
500 500
500 500
500 500
500 500
500 500
500 500
500 500
500 500
500 500
500 500
500 500
500 500
500 500
500 500
500 500
500 500
500 500
500 500
500 500
500 500
500 500
500 500
500 500
500 500
500 500
500 500
500 500
500 500
500 500
500 500
500 500
500 500
500 500
500 500
500 500
500 500
500 500
500 500
500 500
500 500
500 500
500 500
500 500
500 500
500 500
500 500
500 500
500 500
500 500
500 500
500 500
500 500
500 500
500 500
500 500
500 500
500 500
500 500
500 500
500 500
500 500
500 500
500 500
500 500
500 500
500 500
500 500
500 500
500 500
500 500
500 500
500 500
500 500
500 500
500 500
500 500
500 500
500 500
500 500
500 500
500 500
500 500
500 500
500 500
500 500
500 500
500 500
500 500
500 500
500 500
500 500
500 500
500 500
500 500
500 500
500 500
500 500
500 500
500 500
500 500
500 500
500 500
500 500
500 500
500 500
500 500
500 500
500 500
500 500
500 500
500 500
500 500
500 500
500 500
500 500
500 500
500 500
500 500
500 500
500 500
500 500
500 500
500 500
500 500
500 500
500 500
500 500
500 500
500 500
500 500
500 500
500 500
500 500
500 500
500 500