4198608
5242880
4198400
4198422
4198420
4198560
4203550
4198573
4198656
4198696
4198675
4198704
4198760
4198740
4198768
4198781
4198824
4198832
4198841
4203426
4203346
4202965
4203000
4203069
4203160
4203188
4203178
4203555
4203565
4203355
4203567
4203582
4203584
4203622
4203636
4203678
4203646
4203707
4203731
4203740
4203745
4203812
4203828
4203850
4203862
4203865
4203898
4203904
4203953
4204016
4204024
6295640
4198812
4198687
4203981
4198752
4198807
4198795
4198939
4198976
4198947
4198903
4198898
4199023
4199047
4203035
4203023
4203202
4198544
4203465
4203486
4203481
4203549
4198591
4203529
4198528
4203808
4203785
4203771
4203873
6295632
4198496
4203338
4198955
4198963
4203088
4203107
4198977
4203260
4203222
5242904
4203413
4203411
4198512
5242896
4203801
4198971
4198960
4203141
4203143
4203050
4203064
4203048
4203028
4203148
4203026
5242888
4200004
4199158
4200027
4203443
4203278
4203324
4203276
4203250
4203258
4203248
4202828
4202858
4200240
4202947
4202942
4203463
4198882
4203395
4203399
4203076
4203114
4203990
4203959
6295648
4203880
4203897
4203885
4203846
4203836
4203844
4198578
4203502
6295656
4203968
4198432
4198495
4198507
4198523
4198539
4198555
4198604
4198654
4198655
4198697
4198761
4198825
4203903
4204005
4198689
4198754
4198821
4199770
4202635
4199690
4202498
4199469
4202338
4199388
4202223
4202057
4201923
4201745
4201615
4201437
4201308
4201150
4201030
4200866
4200736
4200571
4200427
4198448
4198464
4198480
4198445
4198463
4198479
0
0
0
0
0
0
0
0
0
0
0
0
0
0
0
0
0
0
0
0
0
0
0
0
0
0
0
0
0
0
0
0
0
0
0
0
0
0
0
0
0
0
0
0
0
0
0
0
0
0
0
0
0
0
0
0
0
0
0
0
0
0
0
0
0
0
0
0
0
0
0
0
0
0
0
0
0
0
0
0
0
0
0
0
0
0
0
0
0
0
0
0
0
0
0
0
0
0
0
0
0
0
0
0
0
0
0
0
0
0
0
0
0
0
0
0
0
0
0
0
0
0
0
0
0
0
0
0
0
0
0
0
0
0
0
0
0
0
0
0
0
0
0
0
0
0
0
0
0
0
0
0
0
0
0
0
0
0
0
0
0
0
0
0
0
0
0
0
0
0
0
0
0
0
0
0
0
0
0
0
0
0
0
0
0
0
0
0
0
0
0
0
0
0
0
0
0
0
0
0
0
0
0
0
0
0
0
0
0
0
0
0
0
0
0
0
0
0
0
0
0
0
0
0
0
0
0
0
0
0
0
0
0
0
0
0
0
0
0
0
0
0
0
0
0
0
0
0
0
0
0
0
0
0
0
0
0
0
0
0
0
0
0
0
0
0
0
0
0
0
0
0
0
0
0
0
0
0
0
0
0
0
0
0
0
0
0
0
0
0
0
0
0
0
0
0
0
0
0
0
0
0
0
0
0
0
0
0
0
0
0
0
0
0
0
0
0