0 1
1 47 5 49
2 3 4
3 48
4 51 3
5 6 7
6 7
7 30 137
8 9 10
9 52
10 9 53
11 12 13
12 54
13 12 55
14 15 16
15 56 57
16
17 11
18 19 20
19 21 110
20 122
21 22 23
22 65 66
23 126 127
24 25 26
25 67 26
26 68
27 28 29
28
29 124 125
30 31 29
31 137
32
33
34 35 36
35
36 75
37
38 39 40
39 76
40 77 78
41 38 42
42 134 135
43 44 45
44
45 38 79
46
47 2 48
48 128 129
49
50
51
52
53 80
54 128 140
55 80
56 8 52
57 81 56
58 59 60
59 82
60 83 84
61 62
62 58 61
63 63 64
64 108 164
65 102
66 105
67 88 89
68 90
69 70 71
70 31 28
71 93
72 73
73 139
74 72 74
75 94
76 79 42
77 39 95
78 77
79 44 131
80
81 80
82 18 20
83 96 97
84 96
85 86 87
86 126
87 63
88 113
89 116
90
91 18 19
92 91 92
93 106
94
95 76
96 59
97 84
98 98 99
99 104 110
100 87 101
101 23
102 100 102
103 104
104 110
105 103 105
106
107 108 109
108 164 162
109 119 177
110 24 122
111 112 87
112 82 123
113 111 113
114 87 115
115 88 113
116 114 116
117 118 119
118 120 121
119 177 176
120 101 112 115 86
121 93
122 124
123 62 61
124 69 125
125 92
126 85 127
127 98
128 130
129 140 17
130 5
131 132 133
132
133 131
134
135 136
136 134 136
137 73 138
138 74
139
140 51 54
141 80
142 81
143 93
144 75
145 68
146 5
147 0
148
149 8
150 11
151 14
152 17
153 47
154 49
155 9
156 12
157 16
158 107 109
159 117 119 118
160 158 107
161 159 117
162 160 158
163 161 159
164 162 160
165 163 161
166 165 163
167 166 165
168 167 166
169 168 167
170 169 168
171 170 169
172 171 170
173 172 171
174 173 172
175 174 173
176 175 174
177 176 175
178 141
179 141
180 141
181 178
182 179
183 180
