256
8800522207365
3072
16388
16942080
24576
16384
67240973
769
1029
8423429
6145
4101
67149829
536903810
537034886
0
1025
0
0
12290
0
262
0
771
518
3078
2179
537297038
24579
0
4296710
0
1540
0
24588
5124
1037
16793604
397
0
0
0
0
1031
4636686
1031
4228101
67354629
4103
134416387
8495111
1030
268535821
537067655
16391
6158
268632327
4612
0
1031
0
518
135
776
1033
67469576
2056
268730634
24584
1034
2058
265
779
649
4457483
4105
396
537165962
33882636
8717320
33817098
2207621914633
8204
1036
8202
134481932
139
20490
268765196
649
268800012
8652811
8203
67407884
20491
8684043
33849480
134512908
0
4571146
20491
17022988
650
525
537329922
4096
1550
12301
0
2061
0
270
537297166
8206
263
526
2058
0
4613
1031
2055
2058
262
16390
4096
128
0
129
1025
8193
258
8196
133
257
2049
130
143
143
143
273
529
1041
0
0
0
0
0
0
0
0
0
0
0
0
0
0
0
0
0
0
0
0
0
0
0
0
0
0
0
0
0
0
0
0
0
0
0
0
0
0
0
0
0
0
0
0
0
0
0
0
0
0
0
0
0
0
0
0
0
0
0
0
0
0
0
0
0
0
0
0
0
0
0
0
0
0
0
0
0
0
0
0
0
0
0
0
0
0
0
0
0
0
0
0
0
0
0
0
0
0
0
0
0
0
0
0
0
0
0
0
0
0
0
0
0
0
0
0
0
0
0
0
0
0
0
0
0
0
0
0
0
0
0
0
0
0
0
0
0
0
0
0
0
0
0
0
0
0
0
0
0
0
0
0
0
0
0
0
0
0
0
0
0
0
0
0
0
0
0
0
0
0
0
0
0
0
0
0
0
0
0
0
0
0
0
0
0
0
0
0
0
0
0
0
0
0
0
0
0
0
0
0
0
0
0
0
0
0
0
0
0
0
0
0
0
0
0
0
0
0
0
0
0
0
0
0
0
0
0
0
0
0
0
0
0
0
0
0
0
0
0
0
0
0
0
0
0
0
0
0
0
0
0
0
0
0
0
0
0
0
0
0
0
0
0
0
0
0
0
0
0
0
0
0
0
0
0
0
0
0
0
0
0
0
0
0
0
0
0
0
0
0
0
0
0
0
0
0
0
0
0
0
0
0
0
0
0
0
0
0
0
0
0
0
0
0
0
0
0
0
0
0
0
0
0
0
0
0
0
0
0
0
0
0
0
0
0
0
0
0
0
0
0
0
0
0
0
0
0
0
0
0
0
0
0
0
0
0
0