1 127
38 106
2 39
3 500
39 500
105 500
17 45
11 500
12 500
45 500
104 500
106 500
5 118
6 7
7 500
36 107
35 37
103 500
82 500
81 500
67 500
68 500
78 500
80 500
67 500
68 500
81 500
82 500
81 500
67 500
68 500
78 500
80 500
67 500
68 500
81 500
82 500
81 500
67 500
68 500
78 500
80 500
67 500
68 500
81 500
67 500
68 500
81 500
82 500
81 500
67 500
68 500
78 500
80 500
67 500
68 500
81 500
67 500
68 500
81 500
82 500
81 500
67 500
68 500
78 500
80 500
67 500
68 500
81 500
82 500
78 500
79 500
98 83
97 500
64 500
65 500
75 500
91 500
101 500
93 500
94 500
76 500
77 500
97 500
64 500
66 500
65 500
75 500
91 500
101 500
95 500
93 500
94 500
76 500
77 500
97 500
64 500
66 500
92 500
65 500
75 500
91 500
101 500
95 500
95 500
93 500
94 500
76 500
77 500
97 500
64 500
66 500
92 500
92 500
65 500
75 500
91 500
101 500
95 500
95 500
95 500
93 500
94 500
76 500
77 500
97 500
64 500
66 500
92 500
65 500
75 500
91 500
101 500
95 500
93 500
94 500
76 500
77 500
96 500
90 500
72 500
73 500
90 500
74 500
72 500
73 500
90 500
74 500
74 500
72 500
73 500
89 500
100 500
87 500
88 500
85 500
86 500
100 500
87 500
88 500
87 500
88 500
85 500
86 500
100 500
87 500
88 500
87 500
88 500
85 500
86 500
100 500
87 500
88 500
87 500
88 500
87 500
88 500
85 500
86 500
69 500
70 500
83 500
102 500
58 500
37 500
107 500
115 114
57 500
54 500
55 56
63 500
56 500
116 500
114 500
118 500
500 500
500 500
500 500
500 500
500 500
500 500
500 500
500 500
500 500
500 500
500 500
500 500
500 500
500 500
500 500
500 500
500 500
500 500
500 500
500 500
500 500
500 500
500 500
500 500
500 500
500 500
500 500
500 500
500 500
500 500
500 500
500 500
500 500
500 500
500 500
500 500
500 500
500 500
500 500
500 500
500 500
500 500
500 500
500 500
500 500
500 500
500 500
500 500
500 500
500 500
500 500
500 500
500 500
500 500
500 500
500 500
500 500
500 500
500 500
500 500
500 500
500 500
500 500
500 500
500 500
500 500
500 500
500 500
500 500
500 500
500 500
500 500
500 500
500 500
500 500
500 500
500 500
500 500
500 500
500 500
500 500
500 500
500 500
500 500
500 500
500 500
500 500
500 500
500 500
500 500
500 500
500 500
500 500
500 500
500 500
500 500
500 500
500 500
500 500
500 500
500 500
500 500
500 500
500 500
500 500
500 500
500 500
500 500
500 500
500 500
500 500
500 500
500 500
500 500
500 500
500 500
500 500
500 500
500 500
500 500
500 500
500 500
500 500
500 500
500 500
500 500
500 500
500 500
500 500
500 500
500 500
500 500
500 500
500 500
500 500
500 500
500 500
500 500
500 500
500 500
500 500
500 500
500 500
500 500
500 500
500 500
500 500
500 500
500 500
500 500
500 500
500 500
500 500
500 500
500 500
500 500
500 500
500 500
500 500
500 500
500 500
500 500
500 500
500 500
500 500
500 500
500 500
500 500
500 500
500 500
500 500
500 500
500 500
500 500
500 500
500 500
500 500
500 500
500 500
500 500
500 500
500 500
500 500
500 500
500 500
500 500
500 500
500 500
500 500
500 500
500 500
500 500
500 500
500 500
500 500
500 500
500 500
500 500
500 500
500 500
500 500
500 500
500 500
500 500
500 500
500 500
500 500
500 500
500 500
500 500
500 500
500 500
500 500
500 500
500 500
500 500
500 500
500 500
500 500
500 500
500 500
500 500
500 500
500 500
500 500
500 500
500 500
500 500
500 500
500 500
500 500
500 500
500 500
500 500
500 500
500 500
500 500
500 500
500 500
500 500
500 500
500 500
500 500
500 500
500 500
500 500
500 500
500 500
500 500
500 500
500 500
500 500
500 500
500 500
500 500
500 500
500 500
500 500
500 500
500 500
500 500
500 500
500 500
500 500
500 500
500 500
500 500
500 500
500 500
500 500
500 500
500 500
500 500
500 500
500 500
500 500
500 500
500 500
500 500
500 500
500 500
500 500
500 500
500 500
500 500
500 500
500 500
500 500
500 500
500 500
500 500
500 500
500 500
500 500
500 500
500 500
500 500
500 500
500 500
500 500
500 500
500 500
500 500
500 500