1 5242880 4198654
1 4199984 6295648
1 4198400 4200033
0 4198422 0
2 4200033 0
0 4200039 0
1 4198832 4200061
0 4198704 0
0 4198760 0
2 4200061 0
0 4200070 0
2 6295648 0
1 4198560 6295656
1 4199304 4198573
2 4198573 0
1 4199955 4198578
1 4199794 4199970
0 4199813 0
0 4199855 0
0 4199838 0
0 4199850 0
0 4199871 0
0 4199887 0
0 4199822 0
0 4199850 0
0 4199871 0
0 4199838 0
0 4199855 0
0 4199838 0
0 4199850 0
0 4199871 0
0 4199887 0
0 4199822 0
0 4199850 0
0 4199871 0
0 4199838 0
0 4199855 0
0 4199838 0
0 4199850 0
0 4199871 0
0 4199887 0
0 4199822 0
0 4199850 0
0 4199871 0
0 4199838 0
0 4199850 0
0 4199871 0
0 4199838 0
0 4199855 0
0 4199838 0
0 4199850 0
0 4199871 0
0 4199887 0
0 4199822 0
0 4199850 0
0 4199871 0
0 4199838 0
0 4199850 0
0 4199871 0
0 4199838 0
0 4199855 0
0 4199838 0
0 4199850 0
0 4199871 0
0 4199887 0
0 4199822 0
0 4199850 0
0 4199871 0
0 4199838 0
0 4199855 0
0 4199887 0
0 4199907 0
1 4199309 4199924
0 4199388 0
0 4199402 0
0 4199442 0
0 4199397 0
0 4199463 0
0 4199474 0
0 4199510 0
0 4199470 0
0 4199522 0
0 4199377 0
0 4199388 0
0 4199402 0
0 4199411 0
0 4199442 0
0 4199397 0
0 4199463 0
0 4199474 0
0 4199483 0
0 4199510 0
0 4199470 0
0 4199522 0
0 4199377 0
0 4199388 0
0 4199402 0
0 4199411 0
0 4199416 0
0 4199442 0
0 4199397 0
0 4199463 0
0 4199474 0
0 4199483 0
0 4199483 0
0 4199510 0
0 4199470 0
0 4199522 0
0 4199377 0
0 4199388 0
0 4199402 0
0 4199411 0
0 4199416 0
0 4199416 0
0 4199442 0
0 4199397 0
0 4199463 0
0 4199474 0
0 4199483 0
0 4199483 0
0 4199483 0
0 4199510 0
0 4199470 0
0 4199522 0
0 4199377 0
0 4199388 0
0 4199402 0
0 4199411 0
0 4199416 0
0 4199442 0
0 4199397 0
0 4199463 0
0 4199474 0
0 4199483 0
0 4199510 0
0 4199470 0
0 4199522 0
0 4199377 0
0 4199551 0
0 4199587 0
0 4199613 0
0 4199580 0
0 4199587 0
0 4199593 0
0 4199613 0
0 4199580 0
0 4199587 0
0 4199593 0
0 4199593 0
0 4199613 0
0 4199580 0
0 4199629 0
0 4199691 0
0 4199704 0
0 4199700 0
0 4199721 0
0 4199687 0
0 4199691 0
0 4199704 0
0 4199700 0
0 4199704 0
0 4199700 0
0 4199721 0
0 4199687 0
0 4199691 0
0 4199704 0
0 4199700 0
0 4199704 0
0 4199700 0
0 4199721 0
0 4199687 0
0 4199691 0
0 4199704 0
0 4199700 0
0 4199704 0
0 4199700 0
0 4199704 0
0 4199700 0
0 4199721 0
0 4199687 0
0 4199750 0
0 4199774 0
2 4199924 0
0 4199809 0
0 4199932 0
2 4199970 0
2 4198578 0
1 4199160 4198591
0 4199213 0
0 4199215 0
1 4198544 4199263
0 5242904 0
2 4199263 0
0 4199292 0
2 4198591 0
2 6295656 0
3 0 0
3 0 0
3 0 0
3 0 0
3 0 0
3 0 0
3 0 0
3 0 0
3 0 0
3 0 0
3 0 0
3 0 0
3 0 0
3 0 0
3 0 0
3 0 0
3 0 0
3 0 0
3 0 0
3 0 0
3 0 0
3 0 0
3 0 0
3 0 0
3 0 0
3 0 0
3 0 0
3 0 0
3 0 0
3 0 0
3 0 0
3 0 0
3 0 0
3 0 0
3 0 0
3 0 0
3 0 0
3 0 0
3 0 0
3 0 0
3 0 0
3 0 0
3 0 0
3 0 0
3 0 0
3 0 0
3 0 0
3 0 0
3 0 0
3 0 0
3 0 0
3 0 0
3 0 0
3 0 0
3 0 0
3 0 0
3 0 0
3 0 0
3 0 0
3 0 0
3 0 0
3 0 0
3 0 0
3 0 0
3 0 0
3 0 0
3 0 0
3 0 0
3 0 0
3 0 0
3 0 0
3 0 0
3 0 0
3 0 0
3 0 0
3 0 0
3 0 0
3 0 0
3 0 0
3 0 0
3 0 0
3 0 0
3 0 0
3 0 0
3 0 0
3 0 0
3 0 0
3 0 0
3 0 0
3 0 0
3 0 0
3 0 0
3 0 0
3 0 0
3 0 0
3 0 0
3 0 0
3 0 0
3 0 0
3 0 0
3 0 0
3 0 0
3 0 0
3 0 0
3 0 0
3 0 0
3 0 0
3 0 0
3 0 0
3 0 0
3 0 0
3 0 0
3 0 0
3 0 0
3 0 0
3 0 0
3 0 0
3 0 0
3 0 0
3 0 0
3 0 0
3 0 0
3 0 0
3 0 0
3 0 0
3 0 0
3 0 0
3 0 0
3 0 0
3 0 0
3 0 0
3 0 0
3 0 0
3 0 0
3 0 0
3 0 0
3 0 0
3 0 0
3 0 0
3 0 0
3 0 0
3 0 0
3 0 0
3 0 0
3 0 0
3 0 0
3 0 0
3 0 0
3 0 0
3 0 0
3 0 0
3 0 0
3 0 0
3 0 0
3 0 0
3 0 0
3 0 0
3 0 0
3 0 0
3 0 0
3 0 0
3 0 0
3 0 0
3 0 0
3 0 0
3 0 0
3 0 0
3 0 0
3 0 0
3 0 0
3 0 0
3 0 0
3 0 0
3 0 0
3 0 0
3 0 0
3 0 0
3 0 0
3 0 0
3 0 0
3 0 0
3 0 0
3 0 0
3 0 0
3 0 0
3 0 0
3 0 0
3 0 0
3 0 0
3 0 0
3 0 0
3 0 0
3 0 0
3 0 0
3 0 0
3 0 0
3 0 0
3 0 0
3 0 0
3 0 0
3 0 0
3 0 0
3 0 0
3 0 0
3 0 0
3 0 0
3 0 0
3 0 0
3 0 0
3 0 0
3 0 0
3 0 0
3 0 0
3 0 0
3 0 0
3 0 0
3 0 0
3 0 0
3 0 0
3 0 0
3 0 0
3 0 0
3 0 0
3 0 0
3 0 0
3 0 0
3 0 0
3 0 0
3 0 0
3 0 0
3 0 0
3 0 0
3 0 0
3 0 0
3 0 0
3 0 0
3 0 0
3 0 0
3 0 0
3 0 0
3 0 0
3 0 0
3 0 0
3 0 0
3 0 0
3 0 0
3 0 0
3 0 0
3 0 0
3 0 0
3 0 0
3 0 0
3 0 0
3 0 0
3 0 0
3 0 0
3 0 0
3 0 0
3 0 0
3 0 0
3 0 0
3 0 0
3 0 0
3 0 0
3 0 0
3 0 0
3 0 0
3 0 0
3 0 0
3 0 0
3 0 0
3 0 0
3 0 0
3 0 0
3 0 0
3 0 0
3 0 0
3 0 0
3 0 0
3 0 0
3 0 0
3 0 0
3 0 0
3 0 0
3 0 0
3 0 0
3 0 0
3 0 0
3 0 0
3 0 0
3 0 0
3 0 0
3 0 0
3 0 0
3 0 0
3 0 0
3 0 0
3 0 0
3 0 0
3 0 0
3 0 0
3 0 0
3 0 0
3 0 0