4198608
5242880
4198400
4198422
4198420
4198560
4199304
4198573
4198656
4198696
4198675
4198704
4198760
4198740
4198768
4198781
4198824
4198832
4198841
4198879
4198893
4198935
4198903
4198964
4198988
4198997
4199002
4199069
4199085
4199107
4199119
4199122
4199155
4199943
4199953
4199794
4199955
4199970
4199984
4200033
4200096
4200104
6295640
4198812
4198687
4200061
4198752
4198807
4198795
4198528
4199065
4199042
4199028
4199130
4199215
4198544
4199263
4199213
4199932
6295632
4198496
5242896
4199058
5242904
4199402
4199442
4199411
4199850
4199871
4199750
4199774
4199769
4199613
4199580
4199593
4199397
4199522
4199377
4199887
4199907
4199822
4199838
4199855
4199924
4198512
4199721
4199687
4199704
4199700
4199629
4199587
4199463
4199416
4199510
4199470
4199483
4199551
4199388
4199309
5242888
4199691
4199474
4199809
4199813
4200070
4200039
6295648
4198578
4199137
4199154
4199142
4199103
4199093
4199101
4198591
4199160
4199292
4199287
6295656
4200048
4198432
4198495
4198507
4198523
4198539
4198555
4198604
4198654
4198655
4198697
4198761
4198825
4199972
4200085
4198689
4198754
4198821
4198448
4198464
4198480
4198445
4198463
4198479
0
0
0
0
0
0
0
0
0
0
0
0
0
0
0
0
0
0
0
0
0
0
0
0
0
0
0
0
0
0
0
0
0
0
0
0
0
0
0
0
0
0
0
0
0
0
0
0
0
0
0
0
0
0
0
0
0
0
0
0
0
0
0
0
0
0
0
0
0
0
0
0
0
0
0
0
0
0
0
0
0
0
0
0
0
0
0
0
0
0
0
0
0
0
0
0
0
0
0
0
0
0
0
0
0
0
0
0
0
0
0
0
0
0
0
0
0
0
0
0
0
0
0
0
0
0
0
0
0
0
0
0
0
0
0
0
0
0
0
0
0
0
0
0
0
0
0
0
0
0
0
0
0
0
0
0
0
0
0
0
0
0
0
0
0
0
0
0
0
0
0
0
0
0
0
0
0
0
0
0
0
0
0
0
0
0
0
0
0
0
0
0
0
0
0
0
0
0
0
0
0
0
0
0
0
0
0
0
0
0
0
0
0
0
0
0
0
0
0
0
0
0
0
0
0
0
0
0
0
0
0
0
0
0
0
0
0
0
0
0
0
0
0
0
0
0
0
0
0
0
0
0
0
0
0
0
0
0
0
0
0
0
0
0
0
0
0
0
0
0
0
0
0
0
0
0
0
0
0
0
0
0
0
0
0
0
0
0
0
0
0
0
0
0
0
0
0
0
0
0
0
0
0
0
0
0
0
0
0
0
0
0
0
0
0
0
0
0
0
0
0
0
0
0
0
0
0
0
0
0
0
0
0
0
0
0
0
0
0
0
0
0
0
0
0
0
0
0
0
0
0
0
0
0
0
0
0
0