0 1
1 38 5 40
2 3 4
3 39
4 42 3
5 6 7
6 7
7 36 107
8 9 10
9 43
10 9 44
11 12 13
12 45
13 12 46
14 15 16
15 47 48
16
17 11
18
19
20 21 22
21
22 49
23
24 25 26
25 50
26 51 52
27 24 28
28 111 112
29 30 31
30
31 24 53
32
33 34 35
34
35 102 103
36 37 35
37 107
38 2 39
39 104 105
40
41
42
43
44 59
45 104 119
46 59
47 8 43
48 60 47
49 61
50 53 28
51 25 62
52 51
53 30 108
54 55 56
55 63
56 116 117
57 54 57
58 34 37
59
60 59
61
62 50
63 56
64 65 66
65 75
66 92 65
67 68
68 78 81
69 70 71
70 83
71 84
72 73
73 89 90
74 72 74
75 64 91
76 77
77 96 97
78 79 80
79 83 98
80 81 67
81 67 82
82 68 81 78
83 102
84 99
85 86
86 69 100
87 88
88 85 87
89 86 100
90 74 72
91 94 101
92 65 92
93 94
94 76 101
95 93 95
96 73 90
97 75 64
98 77 97
99
100 88 87
101 95 93
102 58 103
103 80 82
104 106
105 119 17
106 5
107 114 115
108 109 110
109
110 108
111
112 113
113 111 113
114 118
115 57
116 114
117 84
118
119 42 45
120 59
121 60
122 84
123 49
124 55
125 5
126 0
127
128 8
129 11
130 14
131 17
132 38
133 40
134 9
135 12
136 16
137 120
138 120
139 120
140 137
141 138
142 139
