256
17596615229701
3072
133
33719296
24576
16384
268517391
769
2053
8425477
6145
8197
67158021
536903810
390
0
1025
0
6146
0
6158
20482
16399
0
0
3075
0
266
0
536969348
522
3082
268534276
6159
6148
0
268537866
0
16777349
24590
0
0
0
0
8202
268894737
8202
4229125
537198726
1030
268640269
2566
8198
4571149
20486
775
139
1031
1159
12295
267
16391
18439
264
134480398
1032
648
4104
134644750
10248
137
1547
537133321
3081
18434
8203
24585
16395
1552
134512778
140
134545924
536969484
1034
67240207
0
8202
8749198
8651022
1548
265
6155
2060
8204
16393
0
522
537264269
269
6156
2061
0
4109
8203
33915145
33752077
2054
2573
2062
16390
1543
24583
1544
8200
8814857
17076238
2059
143
17334530
4096
1551
0
271
0
8207
10255
400
273
138
6160
4112
12304
537395345
4112
144
8203
0
9221
8202
16394
8203
266
8201
4096
128
0
129
1025
8193
258
16388
261
257
2049
130
1041
1041
1041
2067
4115
8211
0
0
0
0
0
0
0
0
0
0
0
0
0
0
0
0
0
0
0
0
0
0
0
0
0
0
0
0
0
0
0
0
0
0
0
0
0
0
0
0
0
0
0
0
0
0
0
0
0
0
0
0
0
0
0
0
0
0
0
0
0
0
0
0
0
0
0
0
0
0
0
0
0
0
0
0
0
0
0
0
0
0
0
0
0
0
0
0
0
0
0
0
0
0
0
0
0
0
0
0
0
0
0
0
0
0
0
0
0
0
0
0
0
0
0
0
0
0
0
0
0
0
0
0
0
0
0
0
0
0
0
0
0
0
0
0
0
0
0
0
0
0
0
0
0
0
0
0
0
0
0
0
0
0
0
0
0
0
0
0
0
0
0
0
0
0
0
0
0
0
0
0
0
0
0
0
0
0
0
0
0
0
0
0
0
0
0
0
0
0
0
0
0
0
0
0
0
0
0
0
0
0
0
0
0
0
0
0
0
0
0
0
0
0
0
0
0
0
0
0
0
0
0
0
0
0
0
0
0
0
0
0
0
0
0
0
0
0
0
0
0
0
0
0
0
0
0
0
0
0
0
0
0
0
0
0
0
0
0
0
0
0
0
0
0
0
0
0
0
0
0
0
0
0
0
0
0
0
0
0
0
0
0
0
0
0
0
0
0
0
0
0
0
0
0
0
0
0
0
0
0
0
0
0
0
0
0
0
0
0
0
0
0
0
0
0
0
0
0
0
0
0
0
0
0
0
0
0
0
0
0
0
0
0
0
0
0
0