1 146
39 120
2 40
3 500
40 500
119 500
17 46
11 500
12 500
46 500
118 500
120 500
5 137
6 7
7 500
22 127
21 23
117 500
92 500
93 500
100 500
101 500
108 500
106 500
107 51
52 500
50 500
51 500
110 54
55 500
53 500
54 500
111 88
59 500
56 500
58 500
59 500
56 500
58 500
59 500
56 500
58 500
59 500
56 500
58 500
59 500
56 500
58 500
59 500
56 500
58 500
59 500
56 500
58 500
59 500
56 500
58 500
59 500
56 500
58 500
59 500
56 500
58 500
59 500
56 500
58 500
59 500
56 500
58 500
59 500
56 500
58 500
59 500
56 500
58 500
59 500
56 500
58 500
59 500
56 500
58 500
59 500
56 500
58 500
59 500
56 500
58 500
59 500
56 500
58 500
59 500
56 500
58 500
59 500
56 500
58 500
59 500
56 500
58 500
59 500
56 500
58 500
59 500
56 500
58 500
59 500
56 500
58 500
59 500
56 500
58 500
59 500
56 500
58 500
59 500
56 500
58 500
59 500
56 500
58 500
59 500
56 500
58 500
59 500
56 500
58 500
59 500
56 500
58 500
59 500
56 500
58 500
59 500
56 500
58 500
59 500
56 500
58 500
59 500
56 500
58 500
59 500
56 500
58 500
59 500
56 500
58 500
59 500
56 500
58 500
59 500
56 500
58 500
59 500
56 500
58 500
59 500
56 500
58 500
59 500
56 500
58 500
59 500
56 500
58 500
59 500
56 500
58 500
59 500
56 500
58 500
59 500
56 500
58 500
59 500
56 500
58 500
59 500
56 500
58 500
59 500
56 500
57 500
88 500
112 89
63 500
60 500
62 500
63 500
60 500
62 500
63 500
60 500
62 500
63 500
60 500
62 500
63 500
60 500
62 500
63 500
60 500
62 500
63 500
60 500
62 500
63 500
60 500
62 500
63 500
60 500
62 500
63 500
60 500
62 500
63 500
60 500
62 500
63 500
60 500
62 500
63 500
60 500
62 500
63 500
60 500
62 500
63 500
60 500
62 500
63 500
60 500
62 500
63 500
60 500
62 500
63 500
60 500
62 500
63 500
60 500
62 500
63 500
60 500
62 500
63 500
60 500
62 500
63 500
60 500
62 500
63 500
60 500
62 500
63 500
60 500
62 500
63 500
60 500
62 500
63 500
60 500
62 500
63 500
60 500
62 500
63 500
60 500
62 500
63 500
60 500
62 500
63 500
60 500
62 500
63 500
60 500
62 500
63 500
60 500
62 500
63 500
60 500
62 500
63 500
60 500
62 500
63 500
60 500
62 500
63 500
60 500
62 500
63 500
60 500
62 500
63 500
60 500
62 500
63 500
60 500
62 500
63 500
60 500
62 500
63 500
60 500
62 500
63 500
60 500
62 500
63 500
60 500
62 500
63 500
60 500
62 500
63 500
60 500
62 500
63 500
60 500
62 500
63 500
60 500
62 500
63 500
60 500
62 500
63 500
60 500
62 500
63 500
60 500
61 500
89 500
113 65
66 500
67 500
64 500
65 500
114 69
70 500
68 500
69 500
115 109
73 500
71 500
72 500
91 500
73 500
71 500
72 500
91 500
73 500
71 500
72 500
91 500
73 500
71 500
72 500
91 500
73 500
71 500
72 500
91 500
73 500
71 500
72 500
91 500
73 500
71 500
72 500
91 500
73 500
71 500
72 500
90 500
99 500
105 500
73 500
71 500
72 500
91 500
73 500
71 500
72 500
91 500
73 500
71 500
72 500
91 500
73 500
71 500
72 500
91 500
73 500
71 500
72 500
91 500
73 500
71 500
72 500
91 500
73 500
71 500
72 500
91 500
73 500
71 500
72 500
90 500
98 500
103 500
109 500
116 500
74 500
75 500
23 500
127 500
129 128
80 500
77 500
78 79
95 500
79 500
130 500
132 500
134 500
133 500
135 500
128 500
137 500
500 500
500 500
500 500
500 500
500 500
500 500
500 500
500 500
500 500
500 500
500 500
500 500
500 500
500 500
500 500
500 500
500 500
500 500
500 500
500 500
500 500
500 500
500 500
500 500
500 500
500 500
500 500
500 500
500 500
500 500
500 500
500 500
500 500
500 500
500 500
500 500
500 500
500 500
500 500
500 500
500 500
500 500
500 500
500 500
500 500
500 500
500 500
500 500
500 500
500 500
500 500
500 500
500 500
500 500
500 500
500 500
500 500
500 500
500 500
500 500
500 500
500 500
500 500
500 500
500 500
500 500
500 500