1 5242880 4198654
1 4200992 6295648
1 4198400 4201041
0 4198422 0
2 4201041 0
0 4201047 0
1 4198832 4201069
0 4198704 0
0 4198760 0
2 4201069 0
0 4201078 0
2 6295648 0
1 4198560 6295656
1 4200480 4198573
2 4198573 0
1 4200497 4198578
1 4200119 4200512
0 4200173 0
0 4200192 0
0 4200194 0
0 4200221 0
0 4200223 0
0 4200236 0
0 4200264 0
1 4198841 4200287
0 4198850 0
0 4198875 0
2 4200287 0
1 4198876 4200311
0 4198888 0
0 4198930 0
2 4200311 0
1 4198934 4200337
0 4198945 0
0 4198974 0
0 4198941 0
0 4198945 0
0 4198974 0
0 4198941 0
0 4198945 0
0 4198974 0
0 4198941 0
0 4198945 0
0 4198974 0
0 4198941 0
0 4198945 0
0 4198974 0
0 4198941 0
0 4198945 0
0 4198974 0
0 4198941 0
0 4198945 0
0 4198974 0
0 4198941 0
0 4198945 0
0 4198974 0
0 4198941 0
0 4198945 0
0 4198974 0
0 4198941 0
0 4198945 0
0 4198974 0
0 4198941 0
0 4198945 0
0 4198974 0
0 4198941 0
0 4198945 0
0 4198974 0
0 4198941 0
0 4198945 0
0 4198974 0
0 4198941 0
0 4198945 0
0 4198974 0
0 4198941 0
0 4198945 0
0 4198974 0
0 4198941 0
0 4198945 0
0 4198974 0
0 4198941 0
0 4198945 0
0 4198974 0
0 4198941 0
0 4198945 0
0 4198974 0
0 4198941 0
0 4198945 0
0 4198974 0
0 4198941 0
0 4198945 0
0 4198974 0
0 4198941 0
0 4198945 0
0 4198974 0
0 4198941 0
0 4198945 0
0 4198974 0
0 4198941 0
0 4198945 0
0 4198974 0
0 4198941 0
0 4198945 0
0 4198974 0
0 4198941 0
0 4198945 0
0 4198974 0
0 4198941 0
0 4198945 0
0 4198974 0
0 4198941 0
0 4198945 0
0 4198974 0
0 4198941 0
0 4198945 0
0 4198974 0
0 4198941 0
0 4198945 0
0 4198974 0
0 4198941 0
0 4198945 0
0 4198974 0
0 4198941 0
0 4198945 0
0 4198974 0
0 4198941 0
0 4198945 0
0 4198974 0
0 4198941 0
0 4198945 0
0 4198974 0
0 4198941 0
0 4198945 0
0 4198974 0
0 4198941 0
0 4198945 0
0 4198974 0
0 4198941 0
0 4198945 0
0 4198974 0
0 4198941 0
0 4198945 0
0 4198974 0
0 4198941 0
0 4198945 0
0 4198974 0
0 4198941 0
0 4198945 0
0 4198974 0
0 4198941 0
0 4198945 0
0 4198974 0
0 4198941 0
0 4198945 0
0 4198974 0
0 4198941 0
0 4198945 0
0 4198974 0
0 4198941 0
0 4198945 0
0 4198974 0
0 4198941 0
0 4198945 0
0 4198974 0
0 4198941 0
0 4198945 0
0 4198974 0
0 4198941 0
0 4198945 0
0 4198974 0
0 4198941 0
0 4198945 0
0 4198974 0
0 4198941 0
0 4198945 0
0 4198974 0
0 4198941 0
0 4198945 0
0 4198974 0
0 4198941 0
0 4198945 0
0 4198974 0
0 4198995 0
2 4200337 0
1 4198996 4200359
0 4199027 0
0 4199104 0
0 4199007 0
0 4199027 0
0 4199104 0
0 4199007 0
0 4199027 0
0 4199104 0
0 4199007 0
0 4199027 0
0 4199104 0
0 4199007 0
0 4199027 0
0 4199104 0
0 4199007 0
0 4199027 0
0 4199104 0
0 4199007 0
0 4199027 0
0 4199104 0
0 4199007 0
0 4199027 0
0 4199104 0
0 4199007 0
0 4199027 0
0 4199104 0
0 4199007 0
0 4199027 0
0 4199104 0
0 4199007 0
0 4199027 0
0 4199104 0
0 4199007 0
0 4199027 0
0 4199104 0
0 4199007 0
0 4199027 0
0 4199104 0
0 4199007 0
0 4199027 0
0 4199104 0
0 4199007 0
0 4199027 0
0 4199104 0
0 4199007 0
0 4199027 0
0 4199104 0
0 4199007 0
0 4199027 0
0 4199104 0
0 4199007 0
0 4199027 0
0 4199104 0
0 4199007 0
0 4199027 0
0 4199104 0
0 4199007 0
0 4199027 0
0 4199104 0
0 4199007 0
0 4199027 0
0 4199104 0
0 4199007 0
0 4199027 0
0 4199104 0
0 4199007 0
0 4199027 0
0 4199104 0
0 4199007 0
0 4199027 0
0 4199104 0
0 4199007 0
0 4199027 0
0 4199104 0
0 4199007 0
0 4199027 0
0 4199104 0
0 4199007 0
0 4199027 0
0 4199104 0
0 4199007 0
0 4199027 0
0 4199104 0
0 4199007 0
0 4199027 0
0 4199104 0
0 4199007 0
0 4199027 0
0 4199104 0
0 4199007 0
0 4199027 0
0 4199104 0
0 4199007 0
0 4199027 0
0 4199104 0
0 4199007 0
0 4199027 0
0 4199104 0
0 4199007 0
0 4199027 0
0 4199104 0
0 4199007 0
0 4199027 0
0 4199104 0
0 4199007 0
0 4199027 0
0 4199104 0
0 4199007 0
0 4199027 0
0 4199104 0
0 4199007 0
0 4199027 0
0 4199104 0
0 4199007 0
0 4199027 0
0 4199104 0
0 4199007 0
0 4199027 0
0 4199104 0
0 4199007 0
0 4199027 0
0 4199104 0
0 4199007 0
0 4199027 0
0 4199104 0
0 4199007 0
0 4199027 0
0 4199104 0
0 4199007 0
0 4199027 0
0 4199104 0
0 4199007 0
0 4199027 0
0 4199104 0
0 4199007 0
0 4199027 0
0 4199104 0
0 4199007 0
0 4199027 0
0 4199104 0
0 4199007 0
0 4199027 0
0 4199104 0
0 4199007 0
0 4199027 0
0 4199104 0
0 4199007 0
0 4199027 0
0 4199104 0
0 4199134 0
2 4200359 0
1 4199139 4200381
0 4199176 0
0 4199171 0
0 4199230 0
2 4200381 0
1 4199241 4200417
0 4199252 0
0 4199348 0
2 4200417 0
1 4199360 4200435
0 4199556 0
0 4199613 0
0 4200012 0
0 4199547 0
0 4199556 0
0 4199613 0
0 4200012 0
0 4199547 0
0 4199556 0
0 4199613 0
0 4200012 0
0 4199547 0
0 4199556 0
0 4199613 0
0 4200012 0
0 4199547 0
0 4199556 0
0 4199613 0
0 4200012 0
0 4199547 0
0 4199556 0
0 4199613 0
0 4200012 0
0 4199547 0
0 4199556 0
0 4199613 0
0 4200012 0
0 4199547 0
0 4199556 0
0 4199613 0
0 4200012 0
0 4200028 0
0 4200066 0
0 4199457 0
0 4199556 0
0 4199613 0
0 4200012 0
0 4199547 0
0 4199556 0
0 4199613 0
0 4200012 0
0 4199547 0
0 4199556 0
0 4199613 0
0 4200012 0
0 4199547 0
0 4199556 0
0 4199613 0
0 4200012 0
0 4199547 0
0 4199556 0
0 4199613 0
0 4200012 0
0 4199547 0
0 4199556 0
0 4199613 0
0 4200012 0
0 4199547 0
0 4199556 0
0 4199613 0
0 4200012 0
0 4199547 0
0 4199556 0
0 4199613 0
0 4200012 0
0 4200028 0
0 4200077 0
0 4200101 0
2 4200435 0
0 4200164 0
0 4200440 0
0 4200464 0
2 4200512 0
2 4198578 0
1 4200514 4198591
0 4200566 0
0 4200568 0
1 4198544 4200585
0 5242904 0
2 4200585 0
0 4200589 0
0 4200600 0
0 4200613 0
0 4200632 0
0 4200656 0
2 4198591 0
2 6295656 0
3 0 0
3 0 0
3 0 0
3 0 0
3 0 0
3 0 0
3 0 0
3 0 0
3 0 0
3 0 0
3 0 0
3 0 0
3 0 0
3 0 0
3 0 0
3 0 0
3 0 0
3 0 0
3 0 0
3 0 0
3 0 0
3 0 0
3 0 0
3 0 0
3 0 0
3 0 0
3 0 0
3 0 0
3 0 0
3 0 0
3 0 0
3 0 0
3 0 0
3 0 0
3 0 0
3 0 0
3 0 0
3 0 0
3 0 0
3 0 0
3 0 0
3 0 0
3 0 0
3 0 0
3 0 0
3 0 0
3 0 0
3 0 0
3 0 0
3 0 0
3 0 0
3 0 0
3 0 0
3 0 0
3 0 0
3 0 0
3 0 0
3 0 0
3 0 0
3 0 0
3 0 0
3 0 0
3 0 0
3 0 0
3 0 0
3 0 0
3 0 0