4198608
5242880
4198400
4198422
4198420
4198560
4200480
4198573
4198656
4198696
4198675
4198704
4198760
4198740
4198768
4198781
4198824
4198832
4199352
4200485
4200495
4200119
4200497
4200512
4200664
4200702
4200716
4200758
4200726
4200787
4200811
4200820
4200825
4200892
4200908
4200930
4200942
4200945
4200978
4200992
4201041
4201104
4201112
6295640
4198812
4198687
4201069
4198752
4198807
4198795
4198875
4200287
4198850
4198930
4200311
4198888
4198974
4198995
4198941
4198945
4199104
4199134
4199007
4199027
4199230
4200381
4199176
4199171
4199348
4200417
4199252
4199613
4200012
4199556
4200440
4200464
4200459
4200568
4198544
4200585
4200566
4198528
4200888
4200865
4200851
4200953
6295632
4198496
4200337
4200359
4200028
4199547
4200192
4200194
4198512
5242904
5242896
4200881
4200077
4200066
4200221
4200223
5242888
4200101
4200096
4199457
4200264
4198841
4200236
4200435
4198876
4198934
4198996
4199139
4199241
4199360
4200164
4200173
4201078
4201047
6295648
4200960
4200977
4200965
4200926
4200916
4200924
4198578
4198591
4200514
4200589
4200630
4200600
4200632
4200613
4200656
4200651
6295656
4201056
4198432
4198495
4198507
4198523
4198539
4198555
4198604
4198654
4198655
4198697
4198761
4198825
4200983
4201093
4198689
4198754
4198821
4198448
4198464
4198480
4198445
4198463
4198479
0
0
0
0
0
0
0
0
0
0
0
0
0
0
0
0
0
0
0
0
0
0
0
0
0
0
0
0
0
0
0
0
0
0
0
0
0
0
0
0
0
0
0
0
0
0
0
0
0
0
0
0
0
0
0
0
0
0
0
0
0
0
0
0
0
0
0
0
0
0
0
0
0
0
0
0
0
0
0
0
0
0
0
0
0
0
0
0
0
0
0
0
0
0
0
0
0
0
0
0
0
0
0
0
0
0
0
0
0
0
0
0
0
0
0
0
0
0
0
0
0
0
0
0
0
0
0
0
0
0
0
0
0
0
0
0
0
0
0
0
0
0
0
0
0
0
0
0
0
0
0
0
0
0
0
0
0
0
0
0
0
0
0
0
0
0
0
0
0
0
0
0
0
0
0
0
0
0
0
0
0
0
0
0
0
0
0
0
0
0
0
0
0
0
0
0
0
0
0
0
0
0
0
0
0
0
0
0
0
0
0
0
0
0
0
0
0
0
0
0
0
0
0
0
0
0
0
0
0
0
0
0
0
0
0
0
0
0
0
0
0
0
0
0
0
0
0
0
0
0
0
0
0
0
0
0
0
0
0
0
0
0
0
0
0
0
0
0
0
0
0
0
0
0
0
0
0
0
0
0
0
0
0
0
0
0
0
0
0
0
0
0
0
0
0
0
0
0
0
0
0
0
0
0
0
0
0
0
0
0
0
0
0
0
0
0
0
0
0
0
0
0
0
0
0
0
0
0
0
0
0
0
0
0
0
0
0
0
0