0 1
1 39 5 41
2 3 4
3 40
4 43 3
5 6 7
6 7
7 22 127
8 9 10
9 44
10 9 45
11 12 13
12 46
13 12 47
14 15 16
15 48 49
16
17 11
18
19 20 21
20
21 116 117
22 23 21
23 127
24
25
26 27 28
27
28 81
29
30 31 32
31 82
32 83 84
33 30 34
34 124 125
35 36 37
36
37 30 85
38
39 2 40
40 118 119
41
42
43
44
45 86
46 118 138
47 86
48 8 44
49 87 48
50 51
51 54 110
52 50 52
53 54
54 88 111
55 53 55
56 57 58
57 88
58 59
59 56 59
60 61 62
61 89
62 63
63 60 63
64 65
65 69 114
66 67
67 64 66
68 69
69 109 115
70 68 70
71 72
72 90 91
73 71 73
74 75 76
75 23 20
76 94
77 78 79
78 95
79 130 131
80 77 80
81 96
82 85 34
83 31 97
84 83
85 36 121
86
87 86
88 89 112
89 65 113
90 98 99
91 73
92 92 93
93 100
94 102
95 79
96
97 82
98 103 104
99 105
100 100 101
101 108
102
103 109
104 94
105 91 73
106 51 107
107 52
108 106 108
109 116
110 55
111 58 59
112 62 63
113 67 66
114 70
115 105 73
116 74 117
117 92
118 120
119 138 17
120 5
121 122 123
122
123 121
124
125 126
126 124 126
127 128 129
128 137
129 80
130 132 133
131 133
132 134 133
133 135 136
134 133
135 128
136 94
137
138 43 46
139 86
140 87
141 94
142 81
143 78
144 5
145 0
146
147 8
148 11
149 14
150 17
151 39
152 41
153 9
154 12
155 16
156 139
157 139
158 139
159 156
160 157
161 158
