512
2684952576
6144
16393
34211840
49152
32768
134808091
1537
1034
33622026
12289
4106
268509194
2147549442
49162
0
2049
0
0
24578
0
267
0
1539
523
3083
4355
3133
49155
0
16977931
0
15364
8708
4612
34015267
202245145
2147746053
3758849804
32772
3077
2148270349
32780
24581
1549
525
774
34258957
540936198
2147813382
537135159
24582
782
67503118
268828935
74318790484632107136554827559
268829703
19406993458792108793887
12295
67504142
269385735
34823
16411
1544
24590
32782
2147880968
2147893285
49160
8207
49213
1545
0
2150106127
5129
539
67125257
49178
0
0
0
0
16399
1075446334
16399
16843786
2148483082
272
269160451
33751568
1035
1073971260
1074036747
291
291
1074006028
1074008076
1074004236
1074004492
1074012171
1074005004
49182
1190349881340341276327700
2148272133
59446505011306462493770515225
34422789
4109
32798
10253
3134
783
67503129
2151088391
537264398
8199
24603
1032
6169
1076365327
16397
783
134744079
17334286
4617
2148032537
0
16399
0
523
33886225
33886226
32798
33884177
33914897
268771352
33882643
33890320
268771349
33914899
268779543
33898515
33884179
1595
268795925
32798
33883156
268763670
268767254
268795928
32798
33914896
33883152
32798
268779541
6202
12361
33882387
33886224
2151350588
33883155
33890321
33882386
33882642
33883154
33884178
268779544
2151153977
268771351
268764184
268763417
268763673
32798
32798
268779542
268779540
32798
268767253
268764181
268763671
268763414
824
24633
268771350
33882641
33898512
33886227
33898514
33882644
33884180
268763672
268765208
32798
268795926
268763415
33898513
268763669
268795924
268763416
3145
268767255
33882385
32823
2149122330
287
20873277
32829
16438
4121
1074201626
3100
12314
1032
1032
283
37618178
8192
537403453
134680590
5147
32795
32795
3099
68813596
1565
1567
12316
34014236
24604
2149318941
8220
8225
4126
6173
34021405
49181
798
541
3102
1074020364
270434333
9246
4122
286
1074200860
286
16399
287
2586
6175
34021407
49183
800
543
69076000
2080
12320
69091360
1057
2149581089
545
4128
16417
2080
4129
8481
3105
545
2149646626
1074201116
18890785
546
546
270599202
32802
1074020363
1074012172
1076002846
16399
6178
40994
1076432949
34013466
34013731
1582
8236
19595587
2147880998
2147880999
2147893286
2147885095
579
2150236459
19597376
8245
3137
541065515
2147877924
19603500
299
272892203
19611714
808
810
4147
2147877158
2147885094
1603
49202
809
2150433070
2147877413
2150236715
8258
6190
24622
2147893287
8245
2147909671
2150957366
2147877926
3112
2063
4136
8232
0
32808
5135
1577
4138
6185
2150367533
19628038
16425
552
2147909669
3114
4138
69804074
16938
41001
8233
8233
2147877159
2147880996
1323
6187
8235
49195
812
1074727980
2147877925
271321129
4136
2147885093
8235
137510953
19611692
2147885091
1581
16425
16425
6189
16425
24621
2147877412
16425
2147880995
16425
2147877927
16425
2147878951
16425
2150498607
16425
1583
16425
2147877156
2095
271532073
24623
2150564392
19923496
36176432
70255144
2097
137364008
271581736
540017192
49200
817
70320680
2097
271647272
24625
306
32817
306
36176434
1074
1074
32817
271323177
12338
2147909667
16425
2150760755
16425
16435
16425
6195
8243
1587
49203
2147877414
2147909670
2147893284
3124
36963381
16425
24628
134481973
8244
821
16425
36916
565
2564
552
20201525
1076
16425
32814
3126
2147815478
24630
823
32822
2147811894
4122
33846
70746166
34014243
272048132
2147819575
537149495
1540
1287
3128
33890323
1882751006
568
1077444684
2149482572
540573772
1593
33914898
6201
313
32798
137953868
2151219514
33882388
1594
16441
70942794
32798
24634
268795927
2151285051
4154
32798
2151285322
6203
268765206
24635
1083
32798
540739659
1596
268767256
30780
316
1077682252
32798
138158156
272375884
829
0
32828
0
4157
5181
0
1074274329
8253
1074282521
4618
272499206
1086
8254
20023678011398
16399
32783
4136
267
16392
8192
256
0
257
2049
16385
514
2147885092
19599424
2147877157
1077936427
2151678273
833
2113
321
19599425
2147909668
8258
19611713
2114
2147877415
578
3138
2112
4418
578
41025
19628098
2147893283
1078165510
6211
2147878948
8259
57411
49219
2147878950
1092
19595844
16450
1348
2147880997
2147878949
32798
2151940421
268765207
1605
33883153
138772510
4165
32798
49221
268763413
838
3142
273055774
4165
32798
33890324
49222
268765205
839
3143
273121310
4165
32798
33884176
1078427678
16399
32798
268764182
33886228
6216
24648
8265
2152235038
2121
329
269288009
8205
32798
33890322
32798
268764183
2152268106
20644426
3146
16442
12362
1078624286
32840
329
37388362
314
1611
1077610571
12363
4155
49227
21790750
32840
329
272171596
1081
139231262
16399
540811340
1084
272138316
2104
8201
32777
513
4097
258
8235
329
16446
16446
16446
32845
334
590
0
0
0
0
0
0
0
0
0
0
0
0
0
0
0
0
0
0
0
0
0
0
0
0
0
0
0
0
0
0
0
0
0
0
0
0
0
0
0
0
0
0
0
0
0
0
0
0
0
0
0
0
0
0
0
0
0
0
0
0
0
0
0
0
0
0
0
0
0
0
0
0
0
0
0
0
0
0
0
0
0
0
0
0
0
0
0
0
0
0
0
0
0
0
0
0
0
0
0
0
0
0
0
0
0
0
0
0
0
0
0
0
0
0
0
0
0
0
0
0
0
0
0
0
0
0
0
0
0
0
0
0
0
0
0
0
0
0
0
0
0
0
0
0
0
0
0
0
0
0
0
0
0
0
0
0
0
0
0
0
0
0
0
0
0
0
0
0
0
0
0
0
0
0
0
0
0
0
0
0
0
0
0
0
0
0
0
0
0
0
0
0
0
0
0
0
0
0
0
0
0
0
0
0
0
0
0
0
0
0
0
0
0
0
0
0
0
0
0
0
0
0
0
0
0
0
0
0
0
0
0
0
0
0
0
0
0
0
0
0
0
0
0
0
0
0
0
0
0
0
0
0
0
0
0
0
0
0
0
0
0
0
0
0
0
0
0
0
0
0
0
0
0
0
0
0
0
0
0
0
0
0
0
0
0
0
0
0
0
0
0
0
0
0
0
0
0
0
0
0
0
0
0
0
0
0
0
0
0
0
0
0
0
0
0
0
0
0
0
0
0
0
0
0
0
0
0
0
0
0
0
0
0
0
0
0
0
0
0
0
0
0
0
0
0
0
0
0
0
0
0
0
0
0
0
0
0
0
0
0
0
0
0
0
0
0
0
0
0
0
0
0
0
0
0
0
0
0
0
0
0
0
0
0
0
0
0
0
0
0
0
0
0
0
0
0
0
0
0
0
0
0
0
0
0
0
0
0
0
0
0
0
0
0
0
0
0
0
0
0
0
0
0
0
0
0
0
0
0
0
0
0
0
0
0
0
0
0
0
0
0
0
0
0
0
0
0
0
0
0
0
0
0
0
0
0
0
0
0
0
0
0
0
0
0
0
0
0
0
0
0
0
0
0
0
0
0
0
0
0
0
0
0
0
0
0
0
0
0
0
0
0
0
0
0
0
0
0
0
0
0
0
0
0
0
0
0
0
0
0
0
0
0
0
0
0
0
0
0
0
0
0
0
0
0
0
0
0
0
0
0
0
0
0
0
0
0
0
0
0
0
0
0
0
0
0
0
0
0
0
0
0
0
0
0
0
0
0
0
0
0
0
0
0
0
0
0
0
0
0
0
0
0
0
0
0
0
0
0
0
0
0
0
0
0
0
0
0
0
0
0
0
0
0
0
0
0
0
0
0
0
0
0
0
0
0
0
0
0
0
0
0
0
0
0
0
0
0
0
0
0
0
0
0
0
0
0
0
0
0
0
0
0
0
0
0
0
0
0
0
0
0
0
0
0
0
0
0
0
0
0
0
0
0
0
0
0
0
0
0
0
0
0
0
0
0
0
0
0
0
0
0
0
0
0
0
0
0
0
0
0
0
0
0
0
0
0
0
0
0
0
0
0
0
0
0
0
0
0
0
0
0
0
0
0
0
0
0
0
0
0
0
0
0
0
0
0
0
0
0
0
0
0
0
0
0
0
0
0
0
0
0
0
0
0
0
0
0
0
0
0
0
0
0
0
0
0
0
0
0
0
0
0
0
0
0
0
0
0
0
0
0
0
0
0
0
0
0
0
0
0
0
0
0
0
0
0
0
0
0
0
0
0
0
0
0
0
0
0
0
0
0
0
0
0
0
0
0
0
0
0
0
0
0
0
0
0
0
0
0
0
0
0
0
0
0
0
0
0
0
0
0
0
0
0
0
0
0
0
0
0
0
0
0
0
0
0
0
0
0
0
0
0
0
0
0
0
0
0
0
0
0
0
0
0
0
0
0
0
0
0
0
0
0
0
0
0
0
0
0
0