1 509
77 216
2 78
3 1500
78 1500
215 1500
17 84
11 1500
12 1500
84 1500
214 1500
216 1500
5 629
6 7
7 1500
75 217
74 76
122 1500
67 123
55 68
52 56
53 1500
113 1500
56 1500
68 1500
55 302
52 56
53 1500
112 1500
50 202
47 51
48 1500
111 110
121 1500
120 1500
110 1500
498 1500
49 1500
51 1500
37 1500
202 1500
447 1500
56 1500
302 1500
320 1500
55 306
52 56
53 1500
112 1500
50 202
47 51
49 1500
51 1500
37 1500
202 1500
447 1500
56 1500
306 1500
55 309
52 56
53 1500
112 1500
50 202
47 51
49 1500
51 1500
37 1500
202 1500
447 1500
56 1500
309 1500
328 1500
330 1500
332 331
55 292
52 56
53 1500
112 1500
50 202
47 51
49 1500
51 1500
37 1500
202 1500
447 1500
56 1500
292 1500
343 1500
55 312
52 56
53 1500
112 1500
50 202
47 51
49 1500
51 1500
37 1500
202 1500
447 1500
56 1500
312 1500
345 1500
346 1500
348 1500
351 1500
55 298
52 56
54 1500
50 114
47 51
49 1500
51 1500
37 1500
114 1500
112 1500
50 202
47 51
49 1500
51 1500
37 1500
202 1500
447 1500
56 1500
298 1500
357 1500
358 1500
55 285
52 56
53 1500
112 1500
50 202
47 51
49 1500
51 1500
37 1500
202 1500
447 1500
56 1500
285 1500
357 1500
344 1500
55 292
52 56
53 1500
112 1500
50 202
47 51
49 1500
51 1500
37 1500
202 1500
447 1500
56 1500
292 1500
343 1500
55 312
52 56
53 1500
112 1500
50 202
47 51
49 1500
51 1500
37 1500
202 1500
447 1500
56 1500
312 1500
345 1500
346 1500
348 1500
350 1500
354 1500
55 301
52 56
54 1500
50 114
47 51
49 1500
51 1500
37 1500
114 1500
112 1500
50 202
47 51
49 1500
51 1500
37 1500
202 1500
447 1500
56 1500
301 1500
534 1500
535 1500
55 286
52 56
53 1500
112 1500
50 202
47 51
49 1500
51 1500
37 1500
202 1500
447 1500
56 1500
286 1500
536 1500
55 307
52 56
53 1500
112 1500
50 202
47 51
49 1500
51 1500
37 1500
202 1500
447 1500
56 1500
307 1500
537 1500
540 1500
542 1500
55 307
52 56
53 1500
112 1500
50 202
47 51
48 1500
111 110
120 1500
110 1500
498 1500
500 1500
501 1500
51 1500
37 1500
202 1500
447 1500
56 1500
307 1500
537 1500
540 1500
542 1500
55 307
52 56
53 1500
112 1500
50 202
47 51
48 1500
111 110
120 1500
110 1500
498 1500
500 1500
501 1500
51 1500
37 1500
202 1500
447 1500
56 1500
307 1500
537 1500
540 1500
543 1500
546 1500
544 1500
545 1500
534 1500
344 1500
55 292
52 56
53 1500
112 1500
50 202
47 51
48 1500
111 110
120 1500
110 1500
498 1500
500 1500
501 1500
51 1500
37 1500
202 1500
447 1500
56 1500
292 1500
343 1500
55 312
52 56
53 1500
112 1500
50 202
47 51
48 1500
111 110
120 1500
110 1500
498 1500
500 1500
501 1500
51 1500
37 1500
202 1500
447 1500
56 1500
312 1500
345 1500
346 1500
348 1500
350 1500
355 1500
349 1500
352 1500
331 1500
359 1500
362 1500
364 1500
366 1500
334 1500
321 1500
322 1500
123 1500
64 119
65 1500
117 1500
66 1500
119 1500
326 1500
327 1500
124 1500
76 1500
217 1500
69 493
70 71
125 1500
71 1500
1500 1500
1500 1500
1500 1500
1500 1500
1500 1500
1500 1500
1500 1500
1500 1500
1500 1500
1500 1500
1500 1500
1500 1500
1500 1500
1500 1500
1500 1500
1500 1500
1500 1500
1500 1500
1500 1500
1500 1500
1500 1500
1500 1500
1500 1500
1500 1500
1500 1500
1500 1500
1500 1500
1500 1500
1500 1500
1500 1500
1500 1500
1500 1500
1500 1500
1500 1500
1500 1500
1500 1500
1500 1500
1500 1500
1500 1500
1500 1500
1500 1500
1500 1500
1500 1500
1500 1500
1500 1500
1500 1500
1500 1500
1500 1500
1500 1500
1500 1500
1500 1500
1500 1500
1500 1500
1500 1500
1500 1500
1500 1500
1500 1500
1500 1500
1500 1500
1500 1500
1500 1500
1500 1500
1500 1500
1500 1500
1500 1500
1500 1500
1500 1500
1500 1500
1500 1500
1500 1500
1500 1500
1500 1500
1500 1500
1500 1500
1500 1500
1500 1500
1500 1500
1500 1500
1500 1500
1500 1500
1500 1500
1500 1500
1500 1500
1500 1500
1500 1500
1500 1500
1500 1500
1500 1500
1500 1500
1500 1500
1500 1500
1500 1500
1500 1500
1500 1500
1500 1500
1500 1500
1500 1500
1500 1500
1500 1500
1500 1500
1500 1500
1500 1500
1500 1500
1500 1500
1500 1500
1500 1500
1500 1500
1500 1500
1500 1500
1500 1500
1500 1500
1500 1500
1500 1500
1500 1500
1500 1500
1500 1500
1500 1500
1500 1500
1500 1500
1500 1500
1500 1500
1500 1500
1500 1500
1500 1500
1500 1500
1500 1500
1500 1500
1500 1500
1500 1500
1500 1500
1500 1500
1500 1500
1500 1500
1500 1500
1500 1500
1500 1500
1500 1500
1500 1500
1500 1500
1500 1500
1500 1500
1500 1500
1500 1500
1500 1500
1500 1500
1500 1500
1500 1500
1500 1500
1500 1500
1500 1500
1500 1500
1500 1500
1500 1500
1500 1500
1500 1500
1500 1500
1500 1500
1500 1500
1500 1500
1500 1500
1500 1500
1500 1500
1500 1500
1500 1500
1500 1500
1500 1500
1500 1500
1500 1500
1500 1500
1500 1500
1500 1500
1500 1500
1500 1500
1500 1500
1500 1500
1500 1500
1500 1500
1500 1500
1500 1500
1500 1500
1500 1500
1500 1500
1500 1500
1500 1500
1500 1500
1500 1500
1500 1500
1500 1500
1500 1500
1500 1500
1500 1500
1500 1500
1500 1500
1500 1500
1500 1500
1500 1500
1500 1500
1500 1500
1500 1500
1500 1500
1500 1500
1500 1500
1500 1500
1500 1500
1500 1500
1500 1500
1500 1500
1500 1500
1500 1500
1500 1500
1500 1500
1500 1500
1500 1500
1500 1500
1500 1500
1500 1500
1500 1500
1500 1500
1500 1500
1500 1500
1500 1500
1500 1500
1500 1500
1500 1500
1500 1500
1500 1500
1500 1500
1500 1500
1500 1500
1500 1500
1500 1500
1500 1500
1500 1500
1500 1500
1500 1500
1500 1500
1500 1500
1500 1500
1500 1500
1500 1500
1500 1500
1500 1500
1500 1500
1500 1500
1500 1500
1500 1500
1500 1500
1500 1500
1500 1500
1500 1500
1500 1500
1500 1500
1500 1500
1500 1500
1500 1500
1500 1500
1500 1500
1500 1500
1500 1500
1500 1500
1500 1500
1500 1500
1500 1500
1500 1500
1500 1500
1500 1500
1500 1500
1500 1500
1500 1500
1500 1500
1500 1500
1500 1500
1500 1500
1500 1500
1500 1500
1500 1500
1500 1500
1500 1500
1500 1500
1500 1500
1500 1500
1500 1500
1500 1500
1500 1500
1500 1500
1500 1500
1500 1500
1500 1500
1500 1500
1500 1500
1500 1500
1500 1500
1500 1500
1500 1500
1500 1500
1500 1500
1500 1500
1500 1500
1500 1500
1500 1500
1500 1500
1500 1500
1500 1500
1500 1500
1500 1500
1500 1500
1500 1500
1500 1500
1500 1500
1500 1500
1500 1500
1500 1500
1500 1500
1500 1500
1500 1500
1500 1500
1500 1500
1500 1500
1500 1500
1500 1500
1500 1500
1500 1500
1500 1500
1500 1500
1500 1500
1500 1500
1500 1500
1500 1500
1500 1500
1500 1500
1500 1500
1500 1500
1500 1500
1500 1500
1500 1500
1500 1500
1500 1500
1500 1500
1500 1500
1500 1500
1500 1500
1500 1500
1500 1500
1500 1500
1500 1500
1500 1500
1500 1500
1500 1500
1500 1500
1500 1500
1500 1500
1500 1500
1500 1500
1500 1500
1500 1500
1500 1500
1500 1500
1500 1500
1500 1500
1500 1500
1500 1500
1500 1500
1500 1500
1500 1500
1500 1500
1500 1500
1500 1500
1500 1500
1500 1500
1500 1500
1500 1500
1500 1500
1500 1500
1500 1500
1500 1500
1500 1500
1500 1500
1500 1500
1500 1500
1500 1500
1500 1500
1500 1500
1500 1500
1500 1500
1500 1500
1500 1500
1500 1500
1500 1500
1500 1500
1500 1500
1500 1500
1500 1500
1500 1500
1500 1500
1500 1500
1500 1500
1500 1500
1500 1500
1500 1500
1500 1500
1500 1500
1500 1500
1500 1500
1500 1500
1500 1500
1500 1500
1500 1500
1500 1500
1500 1500
1500 1500
1500 1500
1500 1500
1500 1500
1500 1500
1500 1500
1500 1500
1500 1500
1500 1500
1500 1500
1500 1500
1500 1500
1500 1500
1500 1500
1500 1500
1500 1500
1500 1500
1500 1500
1500 1500
1500 1500
1500 1500
1500 1500
1500 1500
1500 1500
1500 1500
1500 1500
1500 1500
1500 1500
1500 1500
1500 1500
1500 1500
1500 1500
1500 1500
1500 1500
1500 1500
1500 1500
1500 1500
1500 1500
1500 1500
1500 1500
1500 1500
1500 1500
1500 1500
1500 1500
1500 1500
1500 1500
1500 1500
1500 1500
1500 1500
1500 1500
1500 1500
1500 1500
1500 1500
1500 1500
1500 1500
1500 1500
1500 1500
1500 1500
1500 1500
1500 1500
1500 1500
1500 1500
1500 1500
1500 1500
1500 1500
1500 1500
1500 1500
1500 1500
1500 1500
1500 1500
1500 1500
1500 1500
1500 1500
1500 1500
1500 1500
1500 1500
1500 1500
1500 1500
1500 1500
1500 1500
1500 1500
1500 1500
1500 1500
1500 1500
1500 1500
1500 1500
1500 1500
1500 1500
1500 1500
1500 1500
1500 1500
1500 1500
1500 1500
1500 1500
1500 1500
1500 1500
1500 1500
1500 1500
1500 1500
1500 1500
1500 1500
1500 1500
1500 1500
1500 1500
1500 1500
1500 1500
1500 1500
1500 1500
1500 1500
1500 1500
1500 1500
1500 1500
1500 1500
1500 1500
1500 1500
1500 1500
1500 1500
1500 1500
1500 1500
1500 1500
1500 1500
1500 1500
1500 1500
1500 1500
1500 1500
1500 1500
1500 1500
1500 1500
1500 1500
1500 1500
1500 1500
1500 1500
1500 1500
1500 1500
1500 1500
1500 1500
1500 1500
1500 1500
1500 1500
1500 1500
1500 1500
1500 1500
1500 1500
1500 1500
1500 1500
1500 1500
1500 1500
1500 1500
1500 1500
1500 1500
1500 1500
1500 1500
1500 1500
1500 1500
1500 1500
1500 1500
1500 1500
1500 1500
1500 1500
1500 1500
1500 1500
1500 1500
1500 1500
1500 1500
1500 1500
1500 1500
1500 1500
1500 1500
1500 1500
1500 1500
1500 1500
1500 1500
1500 1500
1500 1500
1500 1500
1500 1500
1500 1500
1500 1500
1500 1500
1500 1500
1500 1500
1500 1500
1500 1500
1500 1500
1500 1500
1500 1500
1500 1500
1500 1500
1500 1500
1500 1500
1500 1500
1500 1500
1500 1500
1500 1500
1500 1500
1500 1500
1500 1500
1500 1500
1500 1500
1500 1500
1500 1500
1500 1500
1500 1500
1500 1500
1500 1500
1500 1500
1500 1500
1500 1500
1500 1500
1500 1500
1500 1500
1500 1500
1500 1500
1500 1500
1500 1500
1500 1500
1500 1500
1500 1500
1500 1500
1500 1500
1500 1500
1500 1500
1500 1500
1500 1500
1500 1500
1500 1500
1500 1500
1500 1500
1500 1500
1500 1500
1500 1500
1500 1500
1500 1500
1500 1500
1500 1500
1500 1500
1500 1500
1500 1500
1500 1500
1500 1500
1500 1500
1500 1500
1500 1500
1500 1500
1500 1500
1500 1500
1500 1500
1500 1500
1500 1500
1500 1500
1500 1500
1500 1500
1500 1500
1500 1500
1500 1500
1500 1500
1500 1500
1500 1500
1500 1500
1500 1500
1500 1500
1500 1500
1500 1500
1500 1500
1500 1500
1500 1500
1500 1500
1500 1500
1500 1500
1500 1500
1500 1500
1500 1500
1500 1500
1500 1500
1500 1500
1500 1500
1500 1500
1500 1500
1500 1500
1500 1500
1500 1500
1500 1500
1500 1500
1500 1500
1500 1500
1500 1500
1500 1500
1500 1500
1500 1500
1500 1500
1500 1500
1500 1500
1500 1500
1500 1500
1500 1500
1500 1500
1500 1500
1500 1500
1500 1500
1500 1500
1500 1500
1500 1500
1500 1500
1500 1500
1500 1500
1500 1500
1500 1500
1500 1500
1500 1500
1500 1500
1500 1500
1500 1500
1500 1500
1500 1500
1500 1500
1500 1500
1500 1500
1500 1500
1500 1500
1500 1500
1500 1500
1500 1500
1500 1500
1500 1500
1500 1500
1500 1500
1500 1500
1500 1500
1500 1500
1500 1500
1500 1500
1500 1500
1500 1500
1500 1500
1500 1500
1500 1500
1500 1500
1500 1500
1500 1500
1500 1500
1500 1500
1500 1500
1500 1500
1500 1500
1500 1500
1500 1500
1500 1500
1500 1500
1500 1500
1500 1500
1500 1500
1500 1500
1500 1500
1500 1500
1500 1500
1500 1500
1500 1500
1500 1500
1500 1500
1500 1500
1500 1500
1500 1500
1500 1500
1500 1500
1500 1500
1500 1500
1500 1500
1500 1500
1500 1500
1500 1500
1500 1500
1500 1500
1500 1500
1500 1500
1500 1500
1500 1500
1500 1500
1500 1500
1500 1500
1500 1500
1500 1500
1500 1500
1500 1500
1500 1500
1500 1500
1500 1500
1500 1500
1500 1500
1500 1500
1500 1500
1500 1500
1500 1500
1500 1500
1500 1500
1500 1500
1500 1500
1500 1500
1500 1500
1500 1500
1500 1500
1500 1500
1500 1500
1500 1500
1500 1500
1500 1500
1500 1500
1500 1500
1500 1500
1500 1500
1500 1500
1500 1500
1500 1500
1500 1500
1500 1500
1500 1500
1500 1500
1500 1500
1500 1500
1500 1500
1500 1500
1500 1500
1500 1500
1500 1500
1500 1500
1500 1500
1500 1500
1500 1500
1500 1500
1500 1500
1500 1500
1500 1500
1500 1500
1500 1500
1500 1500
1500 1500
1500 1500
1500 1500
1500 1500
1500 1500
1500 1500
1500 1500
1500 1500
1500 1500
1500 1500
1500 1500
1500 1500
1500 1500
1500 1500
1500 1500
1500 1500
1500 1500
1500 1500
1500 1500
1500 1500
1500 1500
1500 1500
1500 1500
1500 1500
1500 1500
1500 1500
1500 1500
1500 1500
1500 1500
1500 1500
1500 1500
1500 1500
1500 1500
1500 1500
1500 1500
1500 1500
1500 1500
1500 1500
1500 1500
1500 1500
1500 1500
1500 1500
1500 1500
1500 1500
1500 1500
1500 1500
1500 1500
1500 1500
1500 1500
1500 1500
1500 1500
1500 1500
1500 1500
1500 1500
1500 1500
1500 1500
1500 1500
1500 1500
1500 1500
1500 1500
1500 1500
1500 1500
1500 1500
1500 1500
1500 1500
1500 1500
1500 1500
1500 1500
1500 1500
1500 1500
1500 1500
1500 1500
1500 1500
1500 1500
1500 1500
1500 1500
1500 1500
1500 1500
1500 1500
1500 1500
1500 1500
1500 1500
1500 1500
1500 1500
1500 1500
1500 1500
1500 1500
1500 1500
1500 1500
1500 1500
1500 1500
1500 1500
1500 1500
1500 1500
1500 1500
1500 1500
1500 1500
1500 1500
1500 1500
1500 1500
1500 1500
1500 1500
1500 1500
1500 1500
1500 1500
1500 1500
1500 1500
1500 1500
1500 1500
1500 1500
1500 1500
1500 1500
1500 1500
1500 1500
1500 1500
1500 1500
1500 1500
1500 1500
1500 1500
1500 1500
1500 1500
1500 1500
1500 1500
1500 1500
1500 1500
1500 1500
1500 1500
1500 1500
1500 1500
1500 1500
1500 1500
1500 1500
1500 1500
1500 1500
1500 1500
1500 1500
1500 1500
1500 1500
1500 1500
1500 1500
1500 1500
1500 1500
1500 1500
1500 1500
1500 1500
1500 1500
1500 1500
1500 1500
1500 1500
1500 1500
1500 1500
1500 1500
1500 1500
1500 1500
1500 1500
1500 1500
1500 1500
1500 1500
1500 1500
1500 1500
1500 1500
1500 1500
1500 1500
1500 1500
1500 1500
1500 1500
1500 1500
1500 1500
1500 1500
1500 1500
1500 1500
1500 1500
1500 1500
1500 1500
1500 1500
1500 1500
1500 1500
1500 1500
1500 1500
1500 1500
1500 1500
1500 1500
1500 1500
1500 1500
1500 1500
1500 1500
1500 1500
1500 1500
1500 1500
1500 1500
1500 1500
1500 1500
1500 1500
1500 1500
1500 1500
1500 1500
1500 1500
1500 1500
1500 1500
1500 1500
1500 1500
1500 1500
1500 1500
1500 1500
1500 1500
1500 1500
1500 1500
1500 1500
1500 1500
1500 1500
1500 1500
1500 1500
1500 1500
1500 1500
1500 1500
1500 1500
1500 1500
1500 1500
1500 1500
1500 1500
1500 1500
1500 1500
1500 1500
1500 1500
1500 1500
1500 1500
1500 1500
1500 1500
1500 1500
1500 1500
1500 1500
1500 1500
1500 1500
1500 1500
1500 1500
1500 1500
1500 1500
1500 1500
1500 1500
1500 1500
1500 1500
1500 1500
1500 1500
1500 1500
1500 1500
1500 1500
1500 1500
1500 1500
1500 1500
1500 1500
1500 1500
1500 1500
1500 1500
1500 1500
1500 1500
1500 1500
1500 1500
1500 1500
1500 1500
1500 1500
1500 1500
1500 1500
1500 1500
1500 1500
1500 1500
1500 1500
1500 1500
1500 1500
1500 1500
1500 1500
1500 1500
1500 1500
1500 1500
1500 1500
1500 1500
1500 1500
1500 1500
1500 1500
1500 1500
1500 1500
1500 1500
1500 1500
1500 1500
1500 1500
1500 1500
1500 1500
1500 1500
1500 1500
1500 1500
1500 1500
1500 1500
1500 1500
1500 1500
1500 1500
1500 1500
1500 1500
1500 1500
1500 1500
1500 1500
1500 1500
1500 1500
1500 1500
1500 1500
1500 1500
1500 1500
1500 1500
1500 1500
1500 1500
1500 1500
1500 1500
1500 1500
1500 1500
1500 1500
1500 1500
1500 1500
1500 1500
1500 1500
1500 1500
1500 1500
1500 1500
1500 1500
1500 1500
1500 1500
1500 1500
1500 1500
1500 1500
1500 1500
1500 1500
1500 1500
1500 1500
1500 1500
1500 1500
1500 1500
1500 1500
1500 1500
1500 1500
1500 1500
1500 1500
1500 1500
1500 1500
1500 1500
1500 1500
1500 1500
1500 1500
1500 1500
1500 1500
1500 1500
1500 1500
1500 1500
1500 1500
1500 1500
1500 1500
1500 1500
1500 1500
1500 1500
1500 1500
1500 1500
1500 1500
1500 1500
1500 1500
1500 1500
1500 1500
1500 1500
1500 1500
1500 1500
1500 1500
1500 1500
1500 1500
1500 1500
1500 1500
1500 1500
1500 1500
1500 1500
1500 1500
1500 1500
1500 1500
1500 1500
1500 1500
1500 1500
1500 1500
1500 1500
1500 1500
1500 1500
1500 1500
1500 1500
1500 1500
1500 1500
1500 1500
1500 1500
1500 1500
1500 1500
1500 1500
1500 1500
1500 1500
1500 1500
1500 1500
1500 1500
1500 1500
1500 1500
1500 1500
1500 1500
1500 1500
1500 1500
1500 1500
1500 1500
1500 1500
1500 1500
1500 1500
1500 1500
1500 1500
1500 1500
1500 1500
1500 1500
1500 1500
1500 1500
1500 1500
1500 1500
1500 1500
1500 1500
1500 1500
1500 1500
1500 1500
1500 1500
1500 1500
1500 1500
1500 1500
1500 1500
1500 1500
1500 1500
1500 1500
1500 1500
1500 1500
1500 1500
1500 1500
1500 1500
1500 1500
1500 1500
1500 1500
1500 1500
1500 1500
1500 1500
1500 1500
1500 1500
1500 1500
1500 1500
1500 1500
1500 1500
1500 1500
1500 1500
1500 1500
1500 1500
1500 1500
1500 1500
1500 1500
1500 1500
1500 1500
1500 1500
1500 1500
1500 1500
1500 1500
1500 1500
1500 1500
1500 1500
1500 1500
1500 1500
1500 1500
1500 1500
1500 1500
1500 1500
1500 1500
1500 1500
1500 1500
1500 1500
1500 1500
1500 1500
1500 1500
1500 1500
1500 1500
1500 1500
1500 1500
1500 1500
1500 1500
1500 1500
1500 1500
1500 1500
1500 1500
1500 1500
1500 1500
1500 1500
1500 1500
1500 1500
1500 1500
1500 1500
1500 1500
1500 1500
1500 1500
1500 1500
1500 1500
1500 1500
1500 1500
1500 1500
1500 1500
1500 1500
1500 1500
1500 1500
1500 1500
1500 1500
1500 1500
1500 1500
1500 1500
1500 1500
1500 1500
1500 1500
1500 1500
1500 1500
1500 1500
1500 1500
1500 1500
1500 1500
1500 1500
1500 1500
1500 1500
1500 1500
1500 1500
1500 1500
1500 1500
1500 1500
1500 1500
1500 1500
1500 1500
1500 1500
1500 1500
1500 1500
1500 1500
1500 1500
1500 1500
1500 1500
1500 1500
1500 1500
1500 1500
1500 1500
1500 1500
1500 1500
1500 1500
1500 1500
1500 1500
1500 1500
1500 1500
1500 1500
1500 1500
1500 1500
1500 1500
1500 1500
1500 1500
1500 1500
1500 1500
1500 1500
1500 1500
1500 1500
1500 1500
1500 1500
1500 1500
1500 1500
1500 1500
1500 1500
1500 1500
1500 1500
1500 1500
1500 1500
1500 1500
1500 1500
1500 1500
1500 1500
1500 1500
1500 1500
1500 1500
1500 1500
1500 1500
1500 1500
1500 1500
1500 1500
1500 1500
1500 1500
1500 1500
1500 1500
1500 1500
1500 1500
1500 1500
1500 1500
1500 1500
1500 1500
1500 1500
1500 1500
1500 1500
1500 1500
1500 1500
1500 1500
1500 1500
1500 1500
1500 1500
1500 1500
1500 1500
1500 1500
1500 1500
1500 1500
1500 1500
1500 1500
1500 1500
1500 1500
1500 1500
1500 1500
1500 1500
1500 1500
1500 1500
1500 1500
1500 1500
1500 1500
1500 1500
1500 1500
1500 1500
1500 1500
1500 1500
1500 1500
1500 1500
1500 1500
1500 1500
1500 1500
1500 1500
1500 1500
1500 1500
1500 1500
1500 1500
1500 1500
1500 1500
1500 1500
1500 1500
1500 1500
1500 1500
1500 1500
1500 1500
1500 1500
1500 1500
1500 1500
1500 1500
1500 1500
1500 1500
1500 1500
1500 1500
1500 1500
1500 1500
1500 1500
1500 1500
1500 1500
1500 1500
1500 1500
1500 1500
1500 1500
1500 1500
1500 1500
1500 1500
1500 1500
1500 1500
1500 1500
1500 1500
1500 1500
1500 1500
1500 1500
1500 1500
1500 1500
1500 1500
1500 1500
1500 1500
1500 1500
1500 1500
1500 1500
1500 1500
1500 1500
1500 1500
1500 1500
1500 1500
1500 1500
1500 1500
1500 1500
1500 1500
1500 1500
1500 1500
1500 1500
1500 1500
1500 1500
1500 1500
1500 1500
1500 1500
1500 1500
1500 1500
1500 1500
1500 1500
1500 1500
1500 1500
1500 1500
1500 1500
1500 1500
1500 1500
1500 1500
1500 1500
1500 1500
1500 1500
1500 1500
1500 1500
1500 1500
1500 1500
1500 1500
1500 1500
1500 1500
1500 1500
1500 1500
1500 1500
1500 1500
1500 1500
1500 1500
1500 1500
1500 1500
1500 1500
1500 1500
1500 1500
1500 1500
1500 1500
1500 1500
1500 1500
1500 1500
1500 1500
1500 1500
1500 1500
1500 1500
1500 1500
1500 1500
1500 1500
1500 1500
1500 1500
1500 1500
1500 1500
1500 1500
1500 1500
1500 1500
1500 1500
1500 1500
1500 1500
1500 1500
1500 1500
1500 1500
1500 1500
1500 1500
1500 1500
1500 1500
1500 1500
1500 1500
1500 1500
1500 1500
1500 1500
1500 1500
1500 1500
1500 1500
1500 1500
1500 1500
1500 1500
1500 1500
1500 1500
1500 1500
1500 1500
1500 1500
1500 1500
1500 1500
1500 1500
1500 1500
1500 1500
1500 1500
1500 1500
1500 1500
1500 1500
1500 1500
1500 1500
1500 1500
1500 1500
1500 1500
1500 1500
1500 1500
1500 1500
1500 1500
1500 1500
1500 1500
1500 1500
1500 1500
1500 1500
1500 1500
1500 1500
1500 1500
1500 1500
1500 1500
1500 1500
1500 1500
1500 1500
1500 1500
1500 1500
1500 1500
1500 1500
1500 1500
1500 1500
1500 1500
1500 1500
1500 1500
1500 1500
1500 1500
1500 1500
1500 1500
1500 1500
1500 1500