1 5242880 4198654
1 4208352 6295648
1 4198400 4208401
0 4198422 0
2 4208401 0
0 4208407 0
1 4198832 4208429
0 4198704 0
0 4198760 0
2 4208429 0
0 4208438 0
2 6295648 0
1 4198560 6295656
1 4208307 4198573
2 4198573 0
1 4208324 4198578
1 4208132 4208339
0 4208151 0
1 4206132 4208180
1 4201152 4206353
1 4200921 4201164
0 4201021 0
0 4201110 0
2 4201164 0
2 4206353 0
1 4201152 4206363
1 4200921 4201164
0 4201021 0
0 4201043 0
1 4200864 4201061
1 4200737 4200875
0 4200747 0
1 4208071 4200786
0 4208118 0
0 4208120 0
2 4200786 0
0 4200796 0
0 4200830 0
2 4200875 0
0 4200913 0
2 4201061 0
0 4201131 0
2 4201164 0
2 4206363 0
0 4206379 0
1 4201152 4206389
1 4200921 4201164
0 4201021 0
0 4201043 0
1 4200864 4201061
1 4200737 4200875
0 4200830 0
2 4200875 0
0 4200913 0
2 4201061 0
0 4201131 0
2 4201164 0
2 4206389 0
1 4201152 4206402
1 4200921 4201164
0 4201021 0
0 4201043 0
1 4200864 4201061
1 4200737 4200875
0 4200830 0
2 4200875 0
0 4200913 0
2 4201061 0
0 4201131 0
2 4201164 0
2 4206402 0
0 4206409 0
0 4206413 0
1 4201166 4206426
1 4201152 4201218
1 4200921 4201164
0 4201021 0
0 4201043 0
1 4200864 4201061
1 4200737 4200875
0 4200830 0
2 4200875 0
0 4200913 0
2 4201061 0
0 4201131 0
2 4201164 0
2 4201218 0
0 4201222 0
1 4201152 4201232
1 4200921 4201164
0 4201021 0
0 4201043 0
1 4200864 4201061
1 4200737 4200875
0 4200830 0
2 4200875 0
0 4200913 0
2 4201061 0
0 4201131 0
2 4201164 0
2 4201232 0
0 4201236 0
0 4201240 0
0 4201248 0
0 4201971 0
1 4201152 4201981
1 4200921 4201164
0 4200950 0
1 4200864 4200982
1 4200737 4200875
0 4200830 0
2 4200875 0
0 4200913 0
2 4200982 0
0 4201043 0
1 4200864 4201061
1 4200737 4200875
0 4200830 0
2 4200875 0
0 4200913 0
2 4201061 0
0 4201131 0
2 4201164 0
2 4201981 0
0 4201994 0
0 4202003 0
1 4201152 4202015
1 4200921 4201164
0 4201021 0
0 4201043 0
1 4200864 4201061
1 4200737 4200875
0 4200830 0
2 4200875 0
0 4200913 0
2 4201061 0
0 4201131 0
2 4201164 0
2 4202015 0
0 4201994 0
0 4201208 0
1 4201152 4201218
1 4200921 4201164
0 4201021 0
0 4201043 0
1 4200864 4201061
1 4200737 4200875
0 4200830 0
2 4200875 0
0 4200913 0
2 4201061 0
0 4201131 0
2 4201164 0
2 4201218 0
0 4201222 0
1 4201152 4201232
1 4200921 4201164
0 4201021 0
0 4201043 0
1 4200864 4201061
1 4200737 4200875
0 4200830 0
2 4200875 0
0 4200913 0
2 4201061 0
0 4201131 0
2 4201164 0
2 4201232 0
0 4201236 0
0 4201240 0
0 4201248 0
0 4201260 0
0 4201682 0
1 4201152 4201699
1 4200921 4201164
0 4200950 0
1 4200864 4200982
1 4200737 4200875
0 4200830 0
2 4200875 0
0 4200913 0
2 4200982 0
0 4201043 0
1 4200864 4201061
1 4200737 4200875
0 4200830 0
2 4200875 0
0 4200913 0
2 4201061 0
0 4201131 0
2 4201164 0
2 4201699 0
0 4201712 0
0 4201721 0
1 4201152 4201731
1 4200921 4201164
0 4201021 0
0 4201043 0
1 4200864 4201061
1 4200737 4200875
0 4200830 0
2 4200875 0
0 4200913 0
2 4201061 0
0 4201131 0
2 4201164 0
2 4201731 0
0 4201751 0
1 4201152 4201778
1 4200921 4201164
0 4201021 0
0 4201043 0
1 4200864 4201061
1 4200737 4200875
0 4200830 0
2 4200875 0
0 4200913 0
2 4201061 0
0 4201131 0
2 4201164 0
2 4201778 0
0 4201805 0
0 4201824 0
0 4201768 0
1 4201152 4201778
1 4200921 4201164
0 4201021 0
0 4201043 0
1 4200864 4201061
1 4200737 4200875
0 4200747 0
1 4208071 4200786
0 4208120 0
2 4200786 0
0 4200796 0
0 4200805 0
0 4200862 0
2 4200875 0
0 4200913 0
2 4201061 0
0 4201131 0
2 4201164 0
2 4201778 0
0 4201805 0
0 4201824 0
0 4201768 0
1 4201152 4201778
1 4200921 4201164
0 4201021 0
0 4201043 0
1 4200864 4201061
1 4200737 4200875
0 4200747 0
1 4208071 4200786
0 4208120 0
2 4200786 0
0 4200796 0
0 4200805 0
0 4200862 0
2 4200875 0
0 4200913 0
2 4201061 0
0 4201131 0
2 4201164 0
2 4201778 0
0 4201805 0
0 4201824 0
0 4201843 0
0 4201866 0
0 4201900 0
0 4201922 0
0 4201712 0
0 4201208 0
1 4201152 4201218
1 4200921 4201164
0 4201021 0
0 4201043 0
1 4200864 4201061
1 4200737 4200875
0 4200747 0
1 4208071 4200786
0 4208120 0
2 4200786 0
0 4200796 0
0 4200805 0
0 4200862 0
2 4200875 0
0 4200913 0
2 4201061 0
0 4201131 0
2 4201164 0
2 4201218 0
0 4201222 0
1 4201152 4201232
1 4200921 4201164
0 4201021 0
0 4201043 0
1 4200864 4201061
1 4200737 4200875
0 4200747 0
1 4208071 4200786
0 4208120 0
2 4200786 0
0 4200796 0
0 4200805 0
0 4200862 0
2 4200875 0
0 4200913 0
2 4201061 0
0 4201131 0
2 4201164 0
2 4201232 0
0 4201236 0
0 4201240 0
0 4201248 0
0 4201260 0
0 4201273 0
0 4202023 0
0 4202044 0
2 4206426 0
0 4206504 0
0 4206516 0
0 4206524 0
0 4206804 0
0 4207036 0
0 4208032 0
0 4208053 0
2 4208180 0
1 4202234 4208185
0 4202268 0
0 4206090 0
0 4206114 0
2 4208185 0
0 4208189 0
0 4208147 0
0 4208193 0
2 4208339 0
2 4198578 0
1 4208200 4198591
1 4198544 4208233
0 5242904 0
2 4208233 0
3 0 0
3 0 0
3 0 0
3 0 0
3 0 0
3 0 0
3 0 0
3 0 0
3 0 0
3 0 0
3 0 0
3 0 0
3 0 0
3 0 0
3 0 0
3 0 0
3 0 0
3 0 0
3 0 0
3 0 0
3 0 0
3 0 0
3 0 0
3 0 0
3 0 0
3 0 0
3 0 0
3 0 0
3 0 0
3 0 0
3 0 0
3 0 0
3 0 0
3 0 0
3 0 0
3 0 0
3 0 0
3 0 0
3 0 0
3 0 0
3 0 0
3 0 0
3 0 0
3 0 0
3 0 0
3 0 0
3 0 0
3 0 0
3 0 0
3 0 0
3 0 0
3 0 0
3 0 0
3 0 0
3 0 0
3 0 0
3 0 0
3 0 0
3 0 0
3 0 0
3 0 0
3 0 0
3 0 0
3 0 0
3 0 0
3 0 0
3 0 0
3 0 0
3 0 0
3 0 0
3 0 0
3 0 0
3 0 0
3 0 0
3 0 0
3 0 0
3 0 0
3 0 0
3 0 0
3 0 0
3 0 0
3 0 0
3 0 0
3 0 0
3 0 0
3 0 0
3 0 0
3 0 0
3 0 0
3 0 0
3 0 0
3 0 0
3 0 0
3 0 0
3 0 0
3 0 0
3 0 0
3 0 0
3 0 0
3 0 0
3 0 0
3 0 0
3 0 0
3 0 0
3 0 0
3 0 0
3 0 0
3 0 0
3 0 0
3 0 0
3 0 0
3 0 0
3 0 0
3 0 0
3 0 0
3 0 0
3 0 0
3 0 0
3 0 0
3 0 0
3 0 0
3 0 0
3 0 0
3 0 0
3 0 0
3 0 0
3 0 0
3 0 0
3 0 0
3 0 0
3 0 0
3 0 0
3 0 0
3 0 0
3 0 0
3 0 0
3 0 0
3 0 0
3 0 0
3 0 0
3 0 0
3 0 0
3 0 0
3 0 0
3 0 0
3 0 0
3 0 0
3 0 0
3 0 0
3 0 0
3 0 0
3 0 0
3 0 0
3 0 0
3 0 0
3 0 0
3 0 0
3 0 0
3 0 0
3 0 0
3 0 0
3 0 0
3 0 0
3 0 0
3 0 0
3 0 0
3 0 0
3 0 0
3 0 0
3 0 0
3 0 0
3 0 0
3 0 0
3 0 0
3 0 0
3 0 0
3 0 0
3 0 0
3 0 0
3 0 0
3 0 0
3 0 0
3 0 0
3 0 0
3 0 0
3 0 0
3 0 0
3 0 0
3 0 0
3 0 0
3 0 0
3 0 0
3 0 0
3 0 0
3 0 0
3 0 0
3 0 0
3 0 0
3 0 0
3 0 0
3 0 0
3 0 0
3 0 0
3 0 0
3 0 0
3 0 0
3 0 0
3 0 0
3 0 0
3 0 0
3 0 0
3 0 0
3 0 0
3 0 0
3 0 0
3 0 0
3 0 0
3 0 0
3 0 0
3 0 0
3 0 0
3 0 0
3 0 0
3 0 0
3 0 0
3 0 0
3 0 0
3 0 0
3 0 0
3 0 0
3 0 0
3 0 0
3 0 0
3 0 0
3 0 0
3 0 0
3 0 0
3 0 0
3 0 0
3 0 0
3 0 0
3 0 0
3 0 0
3 0 0
3 0 0
3 0 0
3 0 0
3 0 0
3 0 0
3 0 0
3 0 0
3 0 0
3 0 0
3 0 0
3 0 0
3 0 0
3 0 0
3 0 0
3 0 0
3 0 0
3 0 0
3 0 0
3 0 0
3 0 0
3 0 0
3 0 0
3 0 0
3 0 0
3 0 0
3 0 0
3 0 0
3 0 0
3 0 0
3 0 0
3 0 0
3 0 0
3 0 0
3 0 0
3 0 0
3 0 0
3 0 0
3 0 0
3 0 0
3 0 0
3 0 0
3 0 0
3 0 0
3 0 0
3 0 0
3 0 0
3 0 0
3 0 0
3 0 0
3 0 0
3 0 0
3 0 0
3 0 0
3 0 0
3 0 0
3 0 0
3 0 0
3 0 0
3 0 0
3 0 0
3 0 0
3 0 0
3 0 0
3 0 0
3 0 0
3 0 0
3 0 0
3 0 0
3 0 0
3 0 0
3 0 0
3 0 0
3 0 0
3 0 0
3 0 0
3 0 0
3 0 0
3 0 0
3 0 0
3 0 0
3 0 0
3 0 0
3 0 0
3 0 0
3 0 0
3 0 0
3 0 0
3 0 0
3 0 0
3 0 0
3 0 0
3 0 0
3 0 0
3 0 0
3 0 0
3 0 0
3 0 0
3 0 0
3 0 0
3 0 0
3 0 0
3 0 0
3 0 0
3 0 0
3 0 0
3 0 0
3 0 0
3 0 0
3 0 0
3 0 0
3 0 0
3 0 0
3 0 0
3 0 0
3 0 0
3 0 0
3 0 0
3 0 0
3 0 0
3 0 0
3 0 0
3 0 0
3 0 0
3 0 0
3 0 0
3 0 0
3 0 0
3 0 0
3 0 0
3 0 0
3 0 0
3 0 0
3 0 0
3 0 0
3 0 0
3 0 0
3 0 0
3 0 0
3 0 0
3 0 0
3 0 0
3 0 0
3 0 0
3 0 0
3 0 0
3 0 0
3 0 0
3 0 0
3 0 0
3 0 0
3 0 0
3 0 0
3 0 0
3 0 0
3 0 0
3 0 0
3 0 0
3 0 0
3 0 0
3 0 0
3 0 0
3 0 0
3 0 0
3 0 0
3 0 0
3 0 0
3 0 0
3 0 0
3 0 0
3 0 0
3 0 0
3 0 0
3 0 0
3 0 0
3 0 0
3 0 0
3 0 0
3 0 0
3 0 0
3 0 0
3 0 0
3 0 0
3 0 0
3 0 0
3 0 0
3 0 0
3 0 0
3 0 0
3 0 0
3 0 0
3 0 0
3 0 0
3 0 0
3 0 0
3 0 0
3 0 0
3 0 0
3 0 0
3 0 0
3 0 0
3 0 0
3 0 0
3 0 0
3 0 0
3 0 0
3 0 0
3 0 0
3 0 0
3 0 0
3 0 0
3 0 0
3 0 0
3 0 0
3 0 0
3 0 0
3 0 0
3 0 0
3 0 0
3 0 0
3 0 0
3 0 0
3 0 0
3 0 0
3 0 0
3 0 0
3 0 0
3 0 0
3 0 0
3 0 0
3 0 0
3 0 0
3 0 0
3 0 0
3 0 0
3 0 0
3 0 0
3 0 0
3 0 0
3 0 0
3 0 0
3 0 0
3 0 0
3 0 0
3 0 0
3 0 0
3 0 0
3 0 0
3 0 0
3 0 0
3 0 0
3 0 0
3 0 0
3 0 0
3 0 0
3 0 0
3 0 0
3 0 0
3 0 0
3 0 0
3 0 0
3 0 0
3 0 0
3 0 0
3 0 0
3 0 0
3 0 0
3 0 0
3 0 0
3 0 0
3 0 0
3 0 0
3 0 0
3 0 0
3 0 0
3 0 0
3 0 0
3 0 0
3 0 0
3 0 0
3 0 0
3 0 0
3 0 0
3 0 0
3 0 0
3 0 0
3 0 0
3 0 0
3 0 0
3 0 0
3 0 0
3 0 0
3 0 0
3 0 0
3 0 0
3 0 0
3 0 0
3 0 0
3 0 0
3 0 0
3 0 0
3 0 0
3 0 0
3 0 0
3 0 0
3 0 0
3 0 0
3 0 0
3 0 0
3 0 0
3 0 0
3 0 0
3 0 0
3 0 0
3 0 0
3 0 0
3 0 0
3 0 0
3 0 0
3 0 0
3 0 0
3 0 0
3 0 0
3 0 0
3 0 0
3 0 0
3 0 0
3 0 0
3 0 0
3 0 0
3 0 0
3 0 0
3 0 0
3 0 0
3 0 0
3 0 0
3 0 0
3 0 0
3 0 0
3 0 0
3 0 0
3 0 0
3 0 0
3 0 0
3 0 0
3 0 0
3 0 0
3 0 0
3 0 0
3 0 0
3 0 0
3 0 0
3 0 0
3 0 0
3 0 0
3 0 0
3 0 0
3 0 0
3 0 0
3 0 0
3 0 0
3 0 0
3 0 0
3 0 0
3 0 0
3 0 0
3 0 0
3 0 0
3 0 0
3 0 0
3 0 0
3 0 0
3 0 0
3 0 0
3 0 0
3 0 0
3 0 0
3 0 0
3 0 0
3 0 0
3 0 0
3 0 0
3 0 0
3 0 0
3 0 0
3 0 0
3 0 0
3 0 0
3 0 0
3 0 0
3 0 0
3 0 0
3 0 0
3 0 0
3 0 0
3 0 0
3 0 0
3 0 0
3 0 0
3 0 0
3 0 0
3 0 0
3 0 0
3 0 0
3 0 0
3 0 0
3 0 0
3 0 0
3 0 0
3 0 0
3 0 0
3 0 0
3 0 0
3 0 0
3 0 0
3 0 0
3 0 0
3 0 0
3 0 0
3 0 0
3 0 0
3 0 0
3 0 0
3 0 0
3 0 0
3 0 0
3 0 0
3 0 0
3 0 0
3 0 0
3 0 0
3 0 0
3 0 0
3 0 0
3 0 0
3 0 0
3 0 0
3 0 0
3 0 0
3 0 0
3 0 0
3 0 0
3 0 0
3 0 0
3 0 0
3 0 0
3 0 0
3 0 0
3 0 0
3 0 0
3 0 0
3 0 0
3 0 0
3 0 0
3 0 0
3 0 0
3 0 0
3 0 0
3 0 0
3 0 0
3 0 0
3 0 0
3 0 0
3 0 0
3 0 0
3 0 0
3 0 0
3 0 0
3 0 0
3 0 0
3 0 0
3 0 0
3 0 0
3 0 0
3 0 0
3 0 0
3 0 0
3 0 0
3 0 0
3 0 0
3 0 0
3 0 0
3 0 0
3 0 0
3 0 0
3 0 0
3 0 0
3 0 0
3 0 0
3 0 0
3 0 0
3 0 0
3 0 0
3 0 0
3 0 0
3 0 0
3 0 0
3 0 0
3 0 0
3 0 0
3 0 0
3 0 0
3 0 0
3 0 0
3 0 0
3 0 0
3 0 0
3 0 0
3 0 0
3 0 0
3 0 0
3 0 0
3 0 0
3 0 0
3 0 0
3 0 0
3 0 0
3 0 0
3 0 0
3 0 0
3 0 0
3 0 0
3 0 0
3 0 0
3 0 0
3 0 0
3 0 0
3 0 0
3 0 0
3 0 0
3 0 0
3 0 0
3 0 0
3 0 0
3 0 0
3 0 0
3 0 0
3 0 0
3 0 0
3 0 0
3 0 0
3 0 0
3 0 0
3 0 0
3 0 0
3 0 0
3 0 0
3 0 0
3 0 0
3 0 0
3 0 0
3 0 0
3 0 0
3 0 0
3 0 0
3 0 0
3 0 0
3 0 0
3 0 0
3 0 0
3 0 0
3 0 0
3 0 0
3 0 0
3 0 0
3 0 0
3 0 0
3 0 0
3 0 0
3 0 0
3 0 0
3 0 0
3 0 0
3 0 0
3 0 0
3 0 0
3 0 0
3 0 0
3 0 0
3 0 0
3 0 0
3 0 0
3 0 0
3 0 0
3 0 0
3 0 0
3 0 0
3 0 0
3 0 0
3 0 0
3 0 0
3 0 0
3 0 0
3 0 0
3 0 0
3 0 0
3 0 0
3 0 0
3 0 0
3 0 0
3 0 0
3 0 0
3 0 0
3 0 0
3 0 0
3 0 0
3 0 0
3 0 0
3 0 0
3 0 0
3 0 0
3 0 0
3 0 0
3 0 0
3 0 0
3 0 0
3 0 0
3 0 0
3 0 0
3 0 0
3 0 0
3 0 0
3 0 0
3 0 0
3 0 0
3 0 0
3 0 0
3 0 0
3 0 0
3 0 0
3 0 0
3 0 0
3 0 0
3 0 0
3 0 0
3 0 0
3 0 0
3 0 0
3 0 0
3 0 0
3 0 0
3 0 0
3 0 0
3 0 0
3 0 0
3 0 0
3 0 0
3 0 0
3 0 0
3 0 0
3 0 0
3 0 0
3 0 0
3 0 0
3 0 0
3 0 0
3 0 0
3 0 0
3 0 0
3 0 0
3 0 0
3 0 0
3 0 0
3 0 0
3 0 0
3 0 0
3 0 0
3 0 0
3 0 0
3 0 0
3 0 0
3 0 0
3 0 0
3 0 0
3 0 0
3 0 0
3 0 0
3 0 0
3 0 0
3 0 0
3 0 0
3 0 0
3 0 0
3 0 0
3 0 0
3 0 0
3 0 0
3 0 0
3 0 0
3 0 0
3 0 0
3 0 0
3 0 0
3 0 0
3 0 0
3 0 0
3 0 0
3 0 0
3 0 0
3 0 0
3 0 0
3 0 0
3 0 0
3 0 0
3 0 0
3 0 0
3 0 0
3 0 0
3 0 0
3 0 0
3 0 0
3 0 0
3 0 0
3 0 0
3 0 0
3 0 0
3 0 0
3 0 0
3 0 0
3 0 0
3 0 0
3 0 0
3 0 0
3 0 0
3 0 0
3 0 0
3 0 0
3 0 0
3 0 0
3 0 0
3 0 0
3 0 0
3 0 0
3 0 0
3 0 0
3 0 0
3 0 0
3 0 0
3 0 0
3 0 0
3 0 0
3 0 0
3 0 0
3 0 0
3 0 0
3 0 0
3 0 0
3 0 0
3 0 0
3 0 0
3 0 0
3 0 0
3 0 0
3 0 0
3 0 0
3 0 0
3 0 0
3 0 0
3 0 0
3 0 0
3 0 0
3 0 0
3 0 0
3 0 0
3 0 0
3 0 0
3 0 0
3 0 0
3 0 0
3 0 0
3 0 0
3 0 0
3 0 0
3 0 0
3 0 0
3 0 0
3 0 0
3 0 0
3 0 0
3 0 0
3 0 0
3 0 0
3 0 0
3 0 0
3 0 0
3 0 0
3 0 0
3 0 0
3 0 0
3 0 0
3 0 0
3 0 0
3 0 0
3 0 0
3 0 0
3 0 0
3 0 0
3 0 0
3 0 0
3 0 0
3 0 0
3 0 0
3 0 0
3 0 0
3 0 0
3 0 0
3 0 0
3 0 0
3 0 0
3 0 0
3 0 0
3 0 0
3 0 0
3 0 0
3 0 0
3 0 0
3 0 0
3 0 0
3 0 0
3 0 0
3 0 0
3 0 0
3 0 0
3 0 0
3 0 0
3 0 0
3 0 0
3 0 0
3 0 0
3 0 0
3 0 0
3 0 0
3 0 0
3 0 0
3 0 0
3 0 0
3 0 0
3 0 0
3 0 0
3 0 0
3 0 0
3 0 0
3 0 0
3 0 0
3 0 0
3 0 0
3 0 0
3 0 0
3 0 0
3 0 0
3 0 0
3 0 0
3 0 0
3 0 0
3 0 0
3 0 0
3 0 0
3 0 0
3 0 0
3 0 0
3 0 0
3 0 0
3 0 0
3 0 0
3 0 0
3 0 0
3 0 0
3 0 0
3 0 0
3 0 0
3 0 0
3 0 0
3 0 0
3 0 0
3 0 0
3 0 0
3 0 0
3 0 0
3 0 0
3 0 0
3 0 0
3 0 0
3 0 0
3 0 0
3 0 0
3 0 0
3 0 0
3 0 0
3 0 0
3 0 0
3 0 0
3 0 0
3 0 0
3 0 0
3 0 0
3 0 0
3 0 0
3 0 0
3 0 0
3 0 0
3 0 0
3 0 0
3 0 0
3 0 0
3 0 0
3 0 0
3 0 0
3 0 0
3 0 0
3 0 0
3 0 0
3 0 0
3 0 0
3 0 0
3 0 0
3 0 0
3 0 0
3 0 0
3 0 0
3 0 0
3 0 0
3 0 0
3 0 0
3 0 0
3 0 0
3 0 0
3 0 0
3 0 0
3 0 0
3 0 0
3 0 0
3 0 0
3 0 0
3 0 0
3 0 0
3 0 0
3 0 0
3 0 0
3 0 0
3 0 0
3 0 0
3 0 0
3 0 0
3 0 0
3 0 0
3 0 0
3 0 0
3 0 0
3 0 0
3 0 0
3 0 0
3 0 0
3 0 0
3 0 0
3 0 0
3 0 0
3 0 0
3 0 0
3 0 0
3 0 0
3 0 0
3 0 0
3 0 0
3 0 0
3 0 0
3 0 0
3 0 0
3 0 0
3 0 0
3 0 0
3 0 0
3 0 0
3 0 0
3 0 0
3 0 0
3 0 0
3 0 0
3 0 0
3 0 0
3 0 0
3 0 0
3 0 0
3 0 0
3 0 0
3 0 0
3 0 0
3 0 0
3 0 0
3 0 0
3 0 0
3 0 0
3 0 0
3 0 0
3 0 0
3 0 0
3 0 0
3 0 0
3 0 0
3 0 0
3 0 0
3 0 0
3 0 0
3 0 0
3 0 0
3 0 0
3 0 0
3 0 0
3 0 0
3 0 0
3 0 0
3 0 0
3 0 0
3 0 0
3 0 0
3 0 0
3 0 0
3 0 0
3 0 0
3 0 0
3 0 0
3 0 0
3 0 0
3 0 0
3 0 0
3 0 0
3 0 0
3 0 0
3 0 0
3 0 0
3 0 0
3 0 0
3 0 0
3 0 0
3 0 0
3 0 0
3 0 0
3 0 0
3 0 0
3 0 0
3 0 0
3 0 0
3 0 0
3 0 0
3 0 0
3 0 0
3 0 0
3 0 0
3 0 0
3 0 0
3 0 0
3 0 0
3 0 0
3 0 0
3 0 0
3 0 0
3 0 0
3 0 0
3 0 0
3 0 0
3 0 0
3 0 0
3 0 0
3 0 0
3 0 0
3 0 0
3 0 0
3 0 0
3 0 0
3 0 0
3 0 0
3 0 0
3 0 0
3 0 0
3 0 0
3 0 0
3 0 0
3 0 0
3 0 0
3 0 0
3 0 0
3 0 0
3 0 0
3 0 0
3 0 0
3 0 0
3 0 0
3 0 0
3 0 0
3 0 0
3 0 0
3 0 0
3 0 0
3 0 0
3 0 0
3 0 0
3 0 0
3 0 0
3 0 0
3 0 0
3 0 0
3 0 0
3 0 0
3 0 0
3 0 0
3 0 0
3 0 0
3 0 0
3 0 0
3 0 0
3 0 0
3 0 0
3 0 0
3 0 0
3 0 0
3 0 0
3 0 0
3 0 0
3 0 0
3 0 0
3 0 0
3 0 0
3 0 0
3 0 0
3 0 0
3 0 0
3 0 0
3 0 0
3 0 0
3 0 0
3 0 0
3 0 0
3 0 0
3 0 0
3 0 0
3 0 0
3 0 0
3 0 0
3 0 0
3 0 0
3 0 0
3 0 0
3 0 0
3 0 0
3 0 0
3 0 0
3 0 0
3 0 0
3 0 0
3 0 0
3 0 0
3 0 0
3 0 0
3 0 0
3 0 0
3 0 0
3 0 0
3 0 0
3 0 0
3 0 0
3 0 0
3 0 0
3 0 0
3 0 0
3 0 0
3 0 0
3 0 0
3 0 0
3 0 0
3 0 0
3 0 0
3 0 0
3 0 0
3 0 0
3 0 0
3 0 0
3 0 0
3 0 0
3 0 0
3 0 0
3 0 0
3 0 0
3 0 0
3 0 0
3 0 0
3 0 0
3 0 0
3 0 0
3 0 0
3 0 0
3 0 0
3 0 0
3 0 0
3 0 0
3 0 0
3 0 0
3 0 0
3 0 0
3 0 0
3 0 0
3 0 0
3 0 0
3 0 0
3 0 0
3 0 0
3 0 0
3 0 0
3 0 0
3 0 0
3 0 0
3 0 0
3 0 0
3 0 0
3 0 0
3 0 0
3 0 0
3 0 0
3 0 0
3 0 0
3 0 0
3 0 0
3 0 0
3 0 0
3 0 0
3 0 0
3 0 0
3 0 0
3 0 0
3 0 0
3 0 0
3 0 0
3 0 0
3 0 0
3 0 0
3 0 0
3 0 0
3 0 0
3 0 0
3 0 0
3 0 0
3 0 0
3 0 0
3 0 0
3 0 0
3 0 0
3 0 0
3 0 0
3 0 0
3 0 0
3 0 0
3 0 0
3 0 0
3 0 0
3 0 0
3 0 0
3 0 0
3 0 0
3 0 0
3 0 0
3 0 0
3 0 0
3 0 0
3 0 0
3 0 0
3 0 0
3 0 0
3 0 0
3 0 0
3 0 0
3 0 0
3 0 0
3 0 0
3 0 0
3 0 0
3 0 0
3 0 0
3 0 0
3 0 0
3 0 0
3 0 0
3 0 0
3 0 0
3 0 0
3 0 0
3 0 0
3 0 0
3 0 0
3 0 0
3 0 0
3 0 0
3 0 0
3 0 0
3 0 0
3 0 0
3 0 0
3 0 0
3 0 0
3 0 0
3 0 0
3 0 0
3 0 0
3 0 0
3 0 0
3 0 0
3 0 0
3 0 0
3 0 0
3 0 0
3 0 0
3 0 0
3 0 0
3 0 0
3 0 0
3 0 0
3 0 0
3 0 0
3 0 0
3 0 0
3 0 0
3 0 0
3 0 0
3 0 0
3 0 0
3 0 0
3 0 0
3 0 0
3 0 0
3 0 0
3 0 0
3 0 0
3 0 0
3 0 0
3 0 0
3 0 0
3 0 0
3 0 0
3 0 0
3 0 0
3 0 0
3 0 0
3 0 0
3 0 0
3 0 0
3 0 0
3 0 0
3 0 0
3 0 0
3 0 0
3 0 0
3 0 0
3 0 0
3 0 0
3 0 0
3 0 0
3 0 0
3 0 0
3 0 0
3 0 0
3 0 0
3 0 0
3 0 0
3 0 0
3 0 0
3 0 0
3 0 0
3 0 0
3 0 0
3 0 0
3 0 0
3 0 0
3 0 0
3 0 0
3 0 0
3 0 0
3 0 0
3 0 0
3 0 0
3 0 0
3 0 0
3 0 0
3 0 0
3 0 0
3 0 0
3 0 0
3 0 0
3 0 0
3 0 0
3 0 0
3 0 0
3 0 0
3 0 0
3 0 0
3 0 0
3 0 0
3 0 0
3 0 0
3 0 0
3 0 0
3 0 0
3 0 0
3 0 0
3 0 0
3 0 0
3 0 0
3 0 0
3 0 0
3 0 0
3 0 0
3 0 0
3 0 0
3 0 0
3 0 0
3 0 0
3 0 0
3 0 0
3 0 0