4198608
5242880
4198400
4198422
4198420
4198560
4208307
4198573
4198656
4198696
4198675
4198704
4198760
4198740
4198768
4198781
4198824
4198832
4198841
4198879
4198893
4198935
4198903
4198964
4198988
4198997
4199002
4199069
4199085
4199107
4199119
4199122
4199155
4199160
4200903
4207870
4207878
4200913
4199195
4199212
4199204
4199213
4199226
4199242
4199245
4199258
4199274
4200737
4200747
4200830
4200864
4200875
4200921
4201021
4200950
4201152
4201164
4202059
4202074
4202076
4202097
4202124
4202141
4202162
4202234
4202268
4206114
4206132
4206353
4208200
4198544
4208233
4208312
4208322
4208132
4208324
4208339
4208352
4208401
4208464
4208472
6295640
4198812
4198687
4208429
4198752
4198807
4198795
4198528
4199065
4199042
4199028
4199130
4205377
4204922
4205406
4205238
4205320
4205190
4205293
4205348
4205142
4202862
4199244
4199233
4199276
4199265
4200736
4205954
4200713
4200786
4208071
4201043
4201110
4200982
4202107
4202195
4206090
4202282
4208185
4208120
4208118
4208151
4208180
4208193
5242904
6295632
4198496
5242896
4199058
4200120
4203441
4203958
4199484
4199717
4200388
4203615
4199466
4203049
4199503
4200139
4203916
4199921
4199734
4204070
4203359
4204028
4203185
4203462
4205687
4203002
4200370
4200101
4203636
4200594
4199938
4205601
4200083
4203937
4199522
4200576
4203895
4204049
4203338
4204007
4203164
4204121
4200430
4203276
4199389
4203815
4203553
4203236
4203082
4200623
4204103
4203513
4203218
4203797
4199661
4203495
4200216
4200636
4200200
4199421
4199674
4205559
4202962
4203851
4203294
4200169
4199865
4204157
4200184
4199405
4199878
4199374
4200417
4204139
4205717
4203833
4203571
4201061
4202296
4202457
4208264
4208295
4202310
4202450
4202471
4202575
4206095
4206076
4206104
4208438
4208407
6295648
4198578
4202184
4202179
4202210
4202206
4202165
4202226
4202747
4204206
4202596
4202587
4202604
4202632
4202621
4204168
4202723
4202773
4202757
4202814
4202783
4202769
4202818
4202837
4202828
4202787
4202801
4202824
4202736
4202809
4202878
4206066
4202459
4204245
4204218
4204370
4204255
4204234
4204390
4204374
4204306
4204259
4204400
4204456
4204339
4204326
4204278
4204462
4204447
4204434
4204407
4204430
4204481
4204193
4204281
4204533
4204566
4204818
4204838
4204901
4204957
4205433
4205446
4204842
4205409
4207905
4202440
4207895
4206580
4202015
4201731
4207385
4206707
4206542
4207627
4201801
4201218
4201297
4207673
4201486
4201321
4207611
4201981
4201959
4201939
4201699
4206363
4206464
4207463
4207450
4206389
4201778
4207397
4206402
4206556
4207595
4201232
4201562
4206609
4206642
4206721
4207643
4206745
4206769
4206379
4208032
4208053
4208048
4198512
5242888
4208189
4208147
4206409
4206438
4206413
4206426
4201166
4207053
4207036
4206454
4206473
4206469
4206486
4206477
4206444
4206499
4206481
4201222
4201208
4201236
4201240
4202017
4201248
4202023
4201260
4201971
4202044
4202039
4201682
4201273
4207025
4201994
4202003
4206504
4206433
4206828
4206516
4206812
4206524
4206532
4206804
4206570
4206562
4206599
4206820
4206632
4206624
4206664
4206656
4206791
4206685
4206693
4206802
4206836
4206849
4206857
4207063
4206873
4207074
4206886
4207090
4207103
4207116
4207129
4207139
4207234
4207149
4207187
4207245
4206910
4207198
4207255
4207294
4207348
4206917
4207305
4206924
4207360
4207375
4207367
4207428
4207420
4207434
4207512
4207499
4207510
4207491
4207520
4207436
4207585
4207661
4207703
4207698
4207741
4207799
4207846
4207830
4207769
4207791
4207764
4207749
4207862
4207918
4207656
4207675
4207058
4206788
4202320
4202343
4202324
4202348
4202329
4202315
4206073
4202334
4202352
4202378
4200882
4200886
4200891
4200895
4201131
4200235
4200036
4200249
4200021
4206021
4206051
4206036
4200444
4200323
4200458
4200306
4205874
4205859
4200649
4200530
4200663
4200515
4205766
4205781
4199951
4199833
4199965
4199819
4205820
4205805
4199748
4199630
4199762
4199612
4205910
4205895
4199541
4199342
4199555
4199327
4205980
4206010
4205965
4205995
4199137
4199154
4199142
4199103
4199093
4199101
4198591
4208237
4208301
4208268
4208416
4200796
4200790
4200805
4200862
4198432
4198495
4198507
4198523
4198539
4198555
4198604
4198654
4198655
4198697
4198761
4198825
4201287
4201306
4201311
4201334
4201348
4201380
4201444
4201399
4201513
4201467
4201538
4201582
4201594
4201548
4201609
4201666
4201677
4201600
4201632
4201540
4201712
4201721
4201751
4201805
4201783
4201810
4201824
4201830
4201768
4201843
4201900
4201922
4201866
4201929
4201949
4202901
4202912
4202935
4202917
4203013
4202922
4202930
4203676
4203093
4203247
4203102
4203104
4203117
4203112
4203722
4203126
4203370
4203524
4203379
4203381
4203394
4203389
4203699
4203403
4203647
4203656
4203745
4203768
4203969
4205469
4205474
4205498
4205483
4205617
4205491
4205949
4200670
4205727
4205645
4205612
4205526
4205732
4205796
4205737
4199769
4205739
4205748
4205743
4205786
4205757
4200465
4205825
4205886
4205830
4199562
4205832
4205841
4205836
4205879
4205850
4200256
4205915
4205924
4205956
4199277
4206012
4199972
4208341
4208453
4198689
4198754
4198821
4202021
4205944
4198448
4198464
4198480
4198445
4198463
4198479
6295656
0
0
0
0
0
0
0
0
0
0
0
0
0
0
0
0
0
0
0
0
0
0
0
0
0
0
0
0
0
0
0
0
0
0
0
0
0
0
0
0
0
0
0
0
0
0
0
0
0
0
0
0
0
0
0
0
0
0
0
0
0
0
0
0
0
0
0
0
0
0
0
0
0
0
0
0
0
0
0
0
0
0
0
0
0
0
0
0
0
0
0
0
0
0
0
0
0
0
0
0
0
0
0
0
0
0
0
0
0
0
0
0
0
0
0
0
0
0
0
0
0
0
0
0
0
0
0
0
0
0
0
0
0
0
0
0
0
0
0
0
0
0
0
0
0
0
0
0
0
0
0
0
0
0
0
0
0
0
0
0
0
0
0
0
0
0
0
0
0
0
0
0
0
0
0
0
0
0
0
0
0
0
0
0
0
0
0
0
0
0
0
0
0
0
0
0
0
0
0
0
0
0
0
0
0
0
0
0
0
0
0
0
0
0
0
0
0
0
0
0
0
0
0
0
0
0
0
0
0
0
0
0
0
0
0
0
0
0
0
0
0
0
0
0
0
0
0
0
0
0
0
0
0
0
0
0
0
0
0
0
0
0
0
0
0
0
0
0
0
0
0
0
0
0
0
0
0
0
0
0
0
0
0
0
0
0
0
0
0
0
0
0
0
0
0
0
0
0
0
0
0
0
0
0
0
0
0
0
0
0
0
0
0
0
0
0
0
0
0
0
0
0
0
0
0
0
0
0
0
0
0
0
0
0
0
0
0
0
0
0
0
0
0
0
0
0
0
0
0
0
0
0
0
0
0
0
0
0
0
0
0
0
0
0
0
0
0
0
0
0
0
0
0
0
0
0
0
0
0
0
0
0
0
0
0
0
0
0
0
0
0
0
0
0
0
0
0
0
0
0
0
0
0
0
0
0
0
0
0
0
0
0
0
0
0
0
0
0
0
0
0
0
0
0
0
0
0
0
0
0
0
0
0
0
0
0
0
0
0
0
0
0
0
0
0
0
0
0
0
0
0
0
0
0
0
0
0
0
0
0
0
0
0
0
0
0
0
0
0
0
0
0
0
0
0
0
0
0
0
0
0
0
0
0
0
0
0
0
0
0
0
0
0
0
0
0
0
0
0
0
0
0
0
0
0
0
0
0
0
0
0
0
0
0
0
0
0
0
0
0
0
0
0
0
0
0
0
0
0
0
0
0
0
0
0
0
0
0
0
0
0
0
0
0
0
0
0
0
0
0
0
0
0
0
0
0
0
0
0
0
0
0
0
0
0
0
0
0
0
0
0
0
0
0
0
0
0
0
0
0
0
0
0
0
0
0
0
0
0
0
0
0
0
0
0
0
0
0
0
0
0
0
0
0
0
0
0
0
0
0
0
0
0
0
0
0
0
0
0
0
0
0
0
0
0
0
0
0
0
0
0
0
0
0
0
0
0
0
0
0
0
0
0
0
0
0
0
0
0
0
0
0
0
0
0
0
0
0
0
0
0
0
0
0
0
0
0
0
0
0
0
0
0
0
0
0
0
0
0
0
0
0
0
0
0
0
0
0
0
0
0
0
0
0
0
0
0
0
0
0
0
0
0
0
0
0
0
0
0
0
0
0
0
0
0
0
0
0
0
0
0
0
0
0
0
0
0
0
0
0
0
0
0
0
0
0
0
0
0
0
0
0
0
0
0
0
0
0
0
0
0
0
0
0
0
0
0
0
0
0
0
0
0
0
0
0
0
0
0
0
0
0
0
0
0
0
0
0
0
0
0
0
0
0
0
0
0
0
0
0
0
0
0
0
0
0
0
0
0
0
0
0
0
0
0
0
0
0
0
0
0
0
0
0
0
0
0
0
0
0
0
0
0
0
0
0
0
0
0
0
0
0
0
0
0
0
0
0
0
0
0
0
0
0
0
0
0
0
0
0
0
0
0
0
0
0
0
0
0
0
0
0
0
0
0
0
0
0
0
0
0