0 1
1 77 5 79
2 3 4
3 78
4 81 3
5 6 7
6 7
7 75 217
8 9 10
9 82
10 9 83
11 12 13
12 84
13 12 85
14 15 16
15 86 87
16
17 11
18
19
20 21 22
21
22 88
23
24 25 26
25 89
26 90 91
27 24 28
28 490 491
29 30 31
30
31 24 92
32
33 34 35 36 37
34 33 37
35 33 36
36 57 283
37 114 115 202
38 39 40
39 93 94 95 96 97 98 99 100 101 102
40 39
41 42 43
42 103 104
43 103
44 45 46
45 105 106
46 105
47 48 49
48 81 110 111
49 501 51
50 47 51
51 37 443
52 53 54
53 112 113
54 50 114
55 52 56
56 284 285 286 68 287 288 289 290 291 292 293 294 295 296 297 298 299 300 301 302 303 304 305 306 307 308 309 310 311 312 313 314 315 316 317 318 319
57 52 58
58 226 281 237 208 282 283 253
59 60 61
60 50 115
61 116 63
62 59 63
63 222
64 65 66
65 117 118
66 119
67 55 68
68 55 302
69 70 71
70 125
71 494 495
72 73 74
73
74 327 122
75 76 74
76 217
77 2 78
78 214 215
79
80
81
82
83 126
84 214 497
85 126
86 8 82
87 127 86
88 128
89 92 28
90 25 129
91 90
92 30 487
93 38 95
94 280
95 280
96 38 99
97 38 100
98 38 96
99 38 97
100 38 93
101 38 98
102 246 247
103 130 131 132 133 134 135 136 137 138 139 140 141 142 143 144 145 146 147 148 149 150 151 152 153 154 155 156 157 158 159 160 161 162 163 164 165
104 103 43
105 166 167 168 169 170 171 172 173 174 175 176 177 178 179 180 181 182 183 184 185 186 187 188 189 190 191 192 193 194 195 196 197 198 199 200 201
106 105 46
107 108
108 247
109 107 109
110 498 499
111 121 120
112 50 202
113 447 56
114 53 112
115 61
116 221 222
117 66
118 203 204
119 326 123
120 110
121 120 121
122 67 123
123 64 119
124 76 73
125 71 205 206
126
127 126
128
129 89
130 41 140
131 41 148
132 247
133 41 139
134 41 143
135 44 197
136 41 153
137 41 133
138 44 173
139 41 159
140 44 190
141 41 158
142 41 155
143 473 474
144 44 175
145 247
146 41 162
147 44 177
148 44 180
149 44 199
150 247
151 41 135
152 41 130
153 247
154 44 174
155 467 468
156 588 589
157 41 152
158 41 132
159 479 480
160 41 154
161 41 141
162 41 144
163 41 145
164 41 146
165 41 147
166 44 198
167 455 456
168 44 189
169 44 194
170 44 200
171 44 201
172 247
173 247
174 44 182
175 44 166
176 247
177 44 172
178 44 170
179 44 185
180 44 176
181 448 449
182 461 462
183 44 181
184 41 137
185 41 134
186 41 156
187 41 150
188 41 161
189 41 163
190 44 193
191 44 195
192 247
193 44 183
194 44 184
195 41 142
196 44 169
197 44 167
198 44 192
199 586 587
200 44 188
201 41 136
202 447
203 207 208
204 248
205 496 495
206 495
207 438
208 204
209 62 210
210 226 227
211 212 213
212 66
213 66
214 216
215 497 17
216 5
217 69 493
218 59 116
219 218 220
220 223
221 223
222 218 219
223 210 224 225
224 233 234
225 249 250
226 228 229
227 57 226
228 229 230
229 231 232
230 229
231 269
232 244
233 235 236
234 57 237
235 238 239
236 240 241
237 233
238 242 243
239 38 102
240 244 239
241 245 242
242 212
243 240
244 62 224
245 240
246 126
247 248
248 209 211
249 251 252
250 57 253
251 254 255
252 256 257
253 249
254 242 258
255 259
256 260 261
257 242 262
258 266
259 263 264
260 265
261 260
262 270
263 259
264 268
265 269 264
266 266 267
267 265
268 271 272
269 62 225
270 256 270
271 273
272 273
273 268 274
274 279
275 38 94
276 38 101
277 278 247
278 126
279 275 276
280 277 279
281 334 428
282 57 208
283 57 281
284 369 370
285 357
286 344 536
287 55 308
288 55 316
289 55 310
290 55 317
291 537
292 343 344
293 344 515
294 429
295 522 523
296 517 344
297 55 290
298 344 357
299 344
300 548 344
301 344 534
302 320 321
303 336 337
304 412
305 55 304
306 55 309
307 537 538
308 406 407
309 328 329
310 367 368
311 55 297
312 343 345
313 533
314 371 372
315 373 374
316 55 318
317 429
318 55 319
319 431 432
320 55 306
321 322 323
322 123
323 324
324 325
325
326 327
327 122 124
328 330 329
329 340
330 331 332
331 359 360
332 344 55
333 334
334 321
335 55 303
336 338 339
337 340
338 330 341
339 342 337
340 333 335
341 333
342 333
343 55 312
344 55 292
345 344 346
346 347 348
347 349
348 350 351
349 352 353
350 126 354 355
351 55 298
352 356 331
353 324
354 55 301
355 349
356 403 334
357 344 358
358 55 285
359 361 362
360 334
361 334
362 363 364
363 334
364 365 366
365 55 289
366 334
367 55 284
368 334
369 55 314
370 334
371 55 315
372 334
373 375 376
374 334
375 377 378
376 334
377 55 288
378 379
379 380 334
380 381 382
381 383 321
382 384 321
383 321 385
384 386 321
385 395
386 387 321
387 388 321
388 389 321
389 390 391
390 392 393
391 394 321
392 395
393 396 321
394 397 398
395 400
396 399
397 400
398 321 401
399 402
400 402
401 399
402 356 332
403 404 405
404 55 287
405 334
406 407 408
407 334
408 414
409 334
410 411 412
411 413
412 409 410
413 414 415
414 55 305
415 55 311
416 55 294
417 418 419
418 417 426
419 334
420 421 422
421 35 427
422 421
423 424 425
424 334
425 420 423
426 425
427 33 35
428 321
429 416 430
430 418
431 334
432 375
433 434 435
434 47 436
435 437 438
436 440 441
437 439
438 47 433
439 212
440 434 439
441 442 439
442 57 282
443 444 37
444 47 445
445 37 446
446 33 34
447 56 58
448 450 451
449 41 157
450 452 453 454 247
451 449
452 454 615
453 247 615
454 453 615
455 457 458
456 41 151
457 459 460
458 456
459 247
460 459 609
461 463 464
462 41 160
463 465 466
464 462
465 466 599
466 247
467 469 470
468 44 191
469 471 472
470 468
471 247
472 471 593
473 475 476
474 44 179
475 477 478
476 474
477 247
478 477 603
479 481 482
480 44 196
481 483 484 485 486
482 480
483 486 613
484 247
485 483 613
486 484 613
487 488 489
488
489 487
490
491 492
492 490 492
493
494 70 205
495 493
496 70 206
497 81 84
498 500 49
499 498
500 501
501 433 436 445 51
502 126
503 127
504 324
505 88
506 70
507 5
508 0
509
510 8
511 11
512 14
513 17
514 55 293
515 344 516
516 55 296
517 518 344
518 519 520
519 520 521
520 523
521 520
522 344 524
523 55 295
524 533
525 344 526
526 531
527 55 313
528 529
529 530 531
530 515
531 528 532
532 529
533 525 527
534 344 535
535 55 286
536 542 55
537 539 540
538 55 291
539 541
540 541 542 543
541 542 543
542 55 307
543 546
544 344 545
545 534
546 544 546
547 55 300
548 55 299
549 247
550 551 552
551 44 187
552 553 554
553 41 138
554 555 247
555 556
556 247
557 558 559
558 44 168
559 560 561
560 562 563
561 564 247
562 556
563 247
564 41 165
565 566 567
566 44 171
567 568 569
568 570 571
569 572 247
570 556
571 247
572 41 131
573 574 247
574 126
575 247
576 44 178
577 41 164
578 579 580
579 581 582
580 589
581 583 247
582 587
583 584
584 108 585
585 109
586 247
587 41 149
588 247
589 44 186
590 591 592
591 472 593
592 594 595
593 470
594 596 597
595 598 247
596 583
597 584
598 465 599
599 464
600 601 602
601 478 603
602 604 605
603 476
604 606 607
605 608 247
606 583
607 584
608 460 609
609 458
610 611 247
611 126
612 485 613
613 482
614 452 615
615 451
616 77
617 79
618 9
619 12
620 16
621 349
622 584
623 502
624 502
625 502
626 623
627 624
628 625
629
