256
42110976
3072
517
134382592
24576
16384
134284300
769
8197
8437765
6145
134
67141894
536903810
1542
0
1025
3074
0
8749191
10242
1036
387
1031
16394
0
0
12291
0
2055
0
772
4103
24583
2180
396
24580
0
4325512
0
16777733
1547
0
0
0
0
264
17141772
264
4235269
17039878
4102
537067659
16390
267
134414599
67371146
9218
0
8201
67240072
8536073
8199
268570635
0
264
2056
67305610
5128
16392
268632330
777
522
2060
1031
5129
3082
0
4103
4104
2211912654856
521
33853450
3081
24586
131
2058
537133322
647
2059
134611202
4096
24587
0
4107
0
524
652
536937479
268697737
134381702
264
520
2055
265
4096
128
0
129
1025
8193
258
261
1029
257
2049
130
8204
8204
8206
16398
0
0
0
0
0
0
0
0
0
0
0
0
0
0
0
0
0
0
0
0
0
0
0
0
0
0
0
0
0
0
0
0
0
0
0
0
0
0
0
0
0
0
0
0
0
0
0
0
0
0
0
0
0
0
0
0
0
0
0
0
0
0
0
0
0
0
0
0
0
0
0
0
0
0
0
0
0
0
0
0
0
0
0
0
0
0
0
0
0
0
0
0
0
0
0
0
0
0
0
0
0
0
0
0
0
0
0
0
0
0
0
0
0
0
0
0
0
0
0
0
0
0
0
0
0
0
0
0
0
0
0
0
0
0
0
0
0
0
0
0
0
0
0
0
0
0
0
0
0
0
0
0
0
0
0
0
0
0
0
0
0
0
0
0
0
0
0
0
0
0
0
0
0
0
0
0
0
0
0
0
0
0
0
0
0
0
0
0
0
0
0
0
0
0
0
0
0
0
0
0
0
0
0
0
0
0
0
0
0
0
0
0
0
0
0
0
0
0
0
0
0
0
0
0
0
0
0
0
0
0
0
0
0
0
0
0
0
0
0
0
0
0
0
0
0
0
0
0
0
0
0
0
0
0
0
0
0
0
0
0
0
0
0
0
0
0
0
0
0
0
0
0
0
0
0
0
0
0
0
0
0
0
0
0
0
0
0
0
0
0
0
0
0
0
0
0
0
0
0
0
0
0
0
0
0
0
0
0
0
0
0
0
0
0
0
0
0
0
0
0
0
0
0
0
0
0
0
0
0
0
0
0
0
0
0
0
0
0
0
0
0
0
0
0
0
0
0
0
0
0
0
0
0
0
0
0
0
0
0
0
0
0
0
0
0
0
0
0
0
0
0
0
0
0
0
0
0
0