4198576
5242880
4198400
4198422
4198420
4198528
4199227
4198541
4198624
4198664
4198643
4198672
4198728
4198708
4198736
4198749
4198792
4198800
4199232
4199242
4199132
4199244
4199259
4199261
4199423
4199277
4199424
4199462
4199476
4199518
4199486
4199547
4199571
4199580
4199585
4199652
4199668
4199690
4199702
4199705
4199738
4199744
4199793
4199856
4199864
6295640
4198780
4198655
4199821
4198720
4198775
4198763
4198885
4199165
4199113
4199182
4199146
4198809
4199191
4198559
4198496
4199648
4199625
4199611
4199713
6295632
4198480
4198877
4198826
4198840
4199104
4198919
4199003
4198512
4199074
4199420
4199347
4199368
5242888
4199641
4198830
4198928
5242896
4199379
4199328
4199400
4199413
4199323
4198886
4199142
4199830
4199799
6295648
4199720
4199737
4199725
4199686
4199676
4199684
4198546
4198998
4199808
4198432
4198479
4198491
4198507
4198523
4198572
4198622
4198623
4198665
4198729
4198793
4199743
4199845
4198657
4198722
4198789
4198448
4198464
4198445
4198463
6295656
0
0
0
0
0
0
0
0
0
0
0
0
0
0
0
0
0
0
0
0
0
0
0
0
0
0
0
0
0
0
0
0
0
0
0
0
0
0
0
0
0
0
0
0
0
0
0
0
0
0
0
0
0
0
0
0
0
0
0
0
0
0
0
0
0
0
0
0
0
0
0
0
0
0
0
0
0
0
0
0
0
0
0
0
0
0
0
0
0
0
0
0
0
0
0
0
0
0
0
0
0
0
0
0
0
0
0
0
0
0
0
0
0
0
0
0
0
0
0
0
0
0
0
0
0
0
0
0
0
0
0
0
0
0
0
0
0
0
0
0
0
0
0
0
0
0
0
0
0
0
0
0
0
0
0
0
0
0
0
0
0
0
0
0
0
0
0
0
0
0
0
0
0
0
0
0
0
0
0
0
0
0
0
0
0
0
0
0
0
0
0
0
0
0
0
0
0
0
0
0
0
0
0
0
0
0
0
0
0
0
0
0
0
0
0
0
0
0
0
0
0
0
0
0
0
0
0
0
0
0
0
0
0
0
0
0
0
0
0
0
0
0
0
0
0
0
0
0
0
0
0
0
0
0
0
0
0
0
0
0
0
0
0
0
0
0
0
0
0
0
0
0
0
0
0
0
0
0
0
0
0
0
0
0
0
0
0
0
0
0
0
0
0
0
0
0
0
0
0
0
0
0
0
0
0
0
0
0
0
0
0
0
0
0
0
0
0
0
0
0
0
0
0
0
0
0
0
0
0
0
0
0
0
0
0
0
0
0
0
0
0
0
0
0
0
0
0
0
0
0
0
0
0
0
0
0
0
0
0
0
0
0
0
0
0
0
0
0
0
0
0
0
0
0
0
0
0
0