0 1
1 41 5 43
2 3 4
3 42
4 45 3
5 6 7
6 7
7 21 99
8 9 10
9 46
10 9 47
11 12 13
12 48
13 12 49
14 15 16
15 50 51
16
17 11
18 19 20
19
20 89 56
21 22 20
22 99
23 24 25
24 59
25 87
26
27
28 29 30
29
30 60
31
32 33 34
33 61
34 62 63
35 32 36
36 96 97
37 38 39
38
39 32 64
40
41 2 42
42 90 91
43
44
45
46
47 65
48 90 101
49 65
50 8 46
51 66 50
52 53
53 55 88
54 55
55 89
56 53 57
57 68 80
58 19 22
59
60 78
61 36 64
62 33 79
63 62
64 38 93
65
66 65
67 68
68 52 80
69 67 69
70 71
71 54 81
72 73 74
73 82
74 100
75 59
76 75 77
77 83 84
78
79 61
80 69
81 100 72 70
82 74
83 75 85
84 75 76
85 86 87
86 24
87 84
88 71 81
89 56 58
90 92
91 101 17
92 5
93 94 95
94
95 93
96
97 98
98 96 98
99 23 59
100 70 72
101 45 48
102 65
103 66
104 60
105 73
106 5
107 0
108
109 8
110 11
111 14
112 17
113 41
114 43
115 9
116 12
117 16
118 102
119 102
120 118
121 119
122
